698   5.0   2.8
4.999999329999999659e-02 6.756861984949309452e-01
5.238078530000000316e-02 6.741704916319165575e-01
5.487493799999999811e-02 6.644825240310020531e-01
5.748785289999999715e-02 6.562634632399869661e-01
6.022516640000000199e-02 1.021973141949244823e+00
6.309283520000000256e-02 1.040148153692759925e+00
6.609705089999999561e-02 1.069623759935175222e+00
6.924431770000000208e-02 1.091312162898447458e+00
7.254143799999999975e-02 1.106883749871494960e+00
7.599553470000000588e-02 1.122673488747557569e+00
7.961412519999999660e-02 1.139390973846846844e+00
8.340501790000000304e-02 1.156168712521914888e+00
8.737641570000000135e-02 1.171771747418484777e+00
9.153690929999999670e-02 1.187391930151582287e+00
9.589551390000000675e-02 1.201981757955744357e+00
1.004616390000000054e-01 1.217237492895140383e+00
1.052452029999999955e-01 1.231683846945600624e+00
1.102565229999999952e-01 1.245762591277399967e+00
1.155064779999999958e-01 1.260161535216738793e+00
1.210064069999999964e-01 1.275550249074707265e+00
1.267682159999999891e-01 1.262384620690659043e+00
1.328043790000000002e-01 1.265640606545110014e+00
1.391279699999999897e-01 1.279204420605882353e+00
1.457526389999999894e-01 1.299400432588682541e+00
1.526927650000000081e-01 1.319415976457553485e+00
1.599633540000000020e-01 1.340469410802106687e+00
1.675801130000000028e-01 1.352714894372999632e+00
1.755595799999999929e-01 1.371610475171798349e+00
1.839189830000000081e-01 1.385330293781742883e+00
1.926764099999999924e-01 1.388403598080144796e+00
2.018508460000000004e-01 1.365796929928868364e+00
2.114621399999999929e-01 1.317809956844412156e+00
2.215310480000000082e-01 1.138906193026416380e+00
2.320794310000000027e-01 9.009318567154882551e-01
2.431300730000000021e-01 5.691142504298160043e-01
2.547068889999999919e-01 3.654734617680776010e-01
2.668349440000000183e-01 3.047510768608823750e-01
2.795405089999999926e-01 2.393492326231215772e-01
2.928510009999999997e-01 1.733604875629315700e-01
3.067953589999999897e-01 1.000353239859875926e-01
3.214036230000000272e-01 2.967031319184650767e-02
3.367075319999999761e-01 1.616341453966319702e-02
3.527401090000000239e-01 1.008594964100417712e-02
3.695360719999999932e-01 7.217174239855832056e-03
3.871318400000000048e-01 3.727957065565824096e-03
4.055654109999999868e-01 4.208644341662469250e-03
4.248766900000000013e-01 4.385722541985978551e-03
4.451075489999999912e-01 4.113275491199018530e-03
4.663016500000000120e-01 3.906598259162815182e-03
4.885049459999999955e-01 3.705470712170994690e-03
5.117654799999999948e-01 3.746428291572847461e-03
5.361335870000000225e-01 3.661148136350040119e-03
5.616619590000000439e-01 3.761536458408624214e-03
5.884059670000000297e-01 4.677465112441556508e-03
6.164233679999999715e-01 3.750440811050919417e-03
6.457748410000000439e-01 4.005530042406106606e-03
6.765238639999999748e-01 5.220524248530266503e-03
7.087370750000000497e-01 4.002395185547472090e-03
7.424841519999999528e-01 3.808259832453738791e-03
7.778380510000000303e-01 3.843116010658400097e-03
8.148754240000000149e-01 5.655818693844499173e-03
8.536763189999999613e-01 3.842533241740330417e-03
8.943247199999999619e-01 5.451122538062805334e-03
9.369087219999999716e-01 4.560907789518471762e-03
9.815202950000000426e-01 4.061376204994173768e-03
1.028256180000000075e+00 4.258130639633471784e-03
1.077217340000000023e+00 3.507543448423466447e-03
1.128509879999999965e+00 3.649206871067389550e-03
1.182244660000000058e+00 8.890190150752923237e-03
1.238538149999999893e+00 3.580733263254205333e-03
1.297512049999999917e+00 3.518275128359768088e-03
1.359294060000000082e+00 3.849344315587194167e-03
1.424017910000000109e+00 3.731196196282034888e-03
1.491823670000000046e+00 4.119147418877530838e-03
1.562857869999999982e+00 3.570712853920744202e-03
1.637274619999999903e+00 3.431953891860909083e-03
1.715234640000000033e+00 3.433103567137906799e-03
1.796906829999999955e+00 3.497918705827653303e-03
1.882467869999999932e+00 5.294027286685460722e-03
1.972102999999999939e+00 3.786881632524592353e-03
2.066006180000000025e+00 3.249742086020135801e-03
2.164380550000000181e+00 3.492497247211840197e-03
2.267439130000000080e+00 3.672921533011770569e-03
2.375405069999999785e+00 3.930641257665061505e-03
2.488511799999999941e+00 4.345842369507500920e-03
2.607004170000000176e+00 3.489216883313858968e-03
2.731138710000000192e+00 4.358517716330773464e-03
2.861183880000000013e+00 3.682159256728045459e-03
2.997421259999999865e+00 3.695819032209882692e-03
3.140145780000000109e+00 4.133599251079032519e-03
3.289666180000000217e+00 3.443760658134514905e-03
3.446306229999999804e+00 3.791659094061570340e-03
3.610404490000000077e+00 3.550492944182631963e-03
3.782316680000000098e+00 3.826532121299981454e-03
3.962414739999999824e+00 3.937140759395125339e-03
4.151087760000000237e+00 5.552754955054103533e-03
4.348745349999999732e+00 7.480490979344487680e-03
4.555814269999999944e+00 1.398308631884111718e-02
4.772742270000000175e+00 3.325338312508314964e-02
5.000000000000000000e+00 3.454825527746151898e-02
5.020879270000000005e+00 3.548658268099821184e-02
5.041846750000000377e+00 3.642132261056071907e-02
5.062900540000000227e+00 3.735208270871298586e-02
5.084043499999999938e+00 3.827861661572050378e-02
5.105273719999999571e+00 3.920059224932218728e-02
5.126592640000000145e+00 4.011772438308282979e-02
5.148001189999999561e+00 4.102986620448052790e-02
5.169498439999999917e+00 4.193675654452778956e-02
5.191086290000000325e+00 4.283841078267967839e-02
5.212763309999999706e+00 4.373466239084170676e-02
5.234531399999999834e+00 4.462562429667589481e-02
5.256390569999999762e+00 4.551136214409717134e-02
5.278340339999999742e+00 4.639194425875576427e-02
5.300382609999999772e+00 4.726758646039173895e-02
5.322516440000000237e+00 4.813838289171762375e-02
5.344742769999999865e+00 4.900451939076474334e-02
5.367062090000000119e+00 4.986616610097135971e-02
5.389474390000000170e+00 5.072339043442328221e-02
5.411980630000000403e+00 5.157629238413754397e-02
5.434580330000000181e+00 5.242494471718111421e-02
5.457274439999999949e+00 5.326933956005946991e-02
5.480063920000000088e+00 5.410949020296959566e-02
5.502947810000000217e+00 5.481630143927335858e-02
5.525928020000000274e+00 5.464692152198644820e-02
5.549003599999999814e+00 5.447728627319122635e-02
5.572175500000000170e+00 5.430732041296426615e-02
5.595444679999999948e+00 5.413693744113815681e-02
5.618810650000000351e+00 5.396605383334927841e-02
5.642274859999999670e+00 5.379462529500658730e-02
5.665836330000000309e+00 5.362263910434573316e-02
5.689496039999999866e+00 5.345012012318234307e-02
5.713254929999999732e+00 5.327709619303176020e-02
5.737112999999999907e+00 5.310365975277048234e-02
5.761070250000000392e+00 5.292988556794157168e-02
5.785128590000000237e+00 5.275591089215141138e-02
5.809286120000000331e+00 5.258186354388819095e-02
5.833545680000000289e+00 5.240784955853439869e-02
5.857905859999999798e+00 5.223401639279002390e-02
5.882367610000000191e+00 5.206044958640922843e-02
5.906932349999999943e+00 5.188720224212037269e-02
5.931599140000000325e+00 5.171433587443480251e-02
5.956369399999999814e+00 5.154187670420301570e-02
5.981242179999999742e+00 5.136979415014925748e-02
6.006218910000000299e+00 5.129578494074291117e-02
6.031301019999999902e+00 5.151611546914391937e-02
6.056487080000000134e+00 5.173453087937642664e-02
6.081778530000000238e+00 5.195092612189666781e-02
6.107175350000000336e+00 5.216516093629101902e-02
6.132678030000000113e+00 5.237716154824962472e-02
6.158287999999999762e+00 5.258679175732808297e-02
6.184004309999999727e+00 5.279395411560051238e-02
6.209828850000000067e+00 5.299861450633866489e-02
6.235760209999999581e+00 5.320071473977436988e-02
6.261799810000000299e+00 5.340023695509589496e-02
6.287949089999999686e+00 5.359721577246828739e-02
6.314206600000000336e+00 5.379168531525711783e-02
6.340574740000000098e+00 5.398373868121639912e-02
6.367052079999999670e+00 5.417345570440235125e-02
6.393639560000000444e+00 5.436094595559935738e-02
6.420339580000000268e+00 5.454634474022551638e-02
6.447150230000000093e+00 5.472978573338938696e-02
6.474073409999999917e+00 5.491136863768639881e-02
6.501108170000000186e+00 5.510777091437613073e-02
6.528255940000000201e+00 5.568950399362764675e-02
6.555517670000000408e+00 5.626693412239779091e-02
6.582892890000000108e+00 5.684008450222573228e-02
6.610383030000000382e+00 5.740900492286250822e-02
6.637986660000000150e+00 5.797365336939978853e-02
6.665706160000000047e+00 5.853402953366714651e-02
6.693541999999999881e+00 5.909006373087757197e-02
6.721493240000000036e+00 5.964165303563338794e-02
6.749562260000000258e+00 6.018871568594603289e-02
6.777747630000000356e+00 6.073110115922378260e-02
6.806050299999999886e+00 6.126866754881245269e-02
6.834472660000000310e+00 6.180131288564053027e-02
6.863012310000000227e+00 6.232885434466450825e-02
6.891672129999999896e+00 6.285119236019214017e-02
6.920450690000000016e+00 6.336819282847348800e-02
6.949349400000000010e+00 6.387975393881237252e-02
6.978370189999999695e+00 6.438584443539584201e-02
7.007510660000000335e+00 6.524711118643068686e-02
7.036774160000000222e+00 6.713432234381003227e-02
7.066158770000000366e+00 6.900059029456431792e-02
7.095665930000000010e+00 7.084608805771205886e-02
7.125297549999999980e+00 7.267106804611846160e-02
7.155051710000000398e+00 7.447558594796188647e-02
7.184930800000000062e+00 7.626001922027496327e-02
7.214934350000000052e+00 7.802459450386364792e-02
7.245062830000000176e+00 7.976963548702287188e-02
7.275318150000000372e+00 8.149552913742651172e-02
7.305698869999999623e+00 8.320250600013501252e-02
7.336207390000000217e+00 8.489100720953719759e-02
7.366842270000000248e+00 8.656122460692372567e-02
7.397605419999999654e+00 8.821356919299679078e-02
7.428497789999999767e+00 8.984830624313693004e-02
7.459517960000000336e+00 9.146561794966026615e-02
7.490667819999999644e+00 9.306578275524468591e-02
7.521948809999999597e+00 1.205585804981859355e-01
7.553359509999999943e+00 1.580473529802264576e-01
7.584902289999999603e+00 1.943588464991394815e-01
7.616575720000000160e+00 2.295371425702039947e-01
7.648381230000000031e+00 2.636272566244090565e-01
7.680321219999999727e+00 2.966729704241650722e-01
7.712392809999999876e+00 3.287105357787197257e-01
7.744599820000000356e+00 3.597812137042087910e-01
7.776940350000000279e+00 3.899188136116074621e-01
7.809415819999999897e+00 4.191589121755578962e-01
7.842027660000000289e+00 4.475350820274786590e-01
7.874774930000000062e+00 4.750776759696109797e-01
7.907660009999999851e+00 5.018182303056253346e-01
7.940680979999999778e+00 5.277838681148805389e-01
7.973840240000000357e+00 5.530033606717049688e-01
8.007139210000000062e+00 5.779294612767759132e-01
8.040575979999999845e+00 5.838750532789197534e-01
8.074152950000000217e+00 6.269647451256933346e-01
8.107870099999999525e+00 6.342922233393255560e-01
8.141726489999999927e+00 6.658683433896629422e-01
8.175726889999999969e+00 6.492118338114135634e-01
8.209867479999999773e+00 6.061886280312613895e-01
8.244152070000000165e+00 6.364535889917015687e-01
8.278577800000000764e+00 5.815320199711642157e-01
8.313148500000000496e+00 6.696204189943799623e-01
8.347864149999999483e+00 6.561554762521789597e-01
8.382723809999999887e+00 6.761805911560354598e-01
8.417729380000000816e+00 6.567944577366349179e-01
8.452880860000000496e+00 6.797685732027045624e-01
8.488179210000000197e+00 7.167198645429759818e-01
8.523625369999999535e+00 7.128795224491080162e-01
8.559219360000000165e+00 7.133841151181360418e-01
8.594962119999999928e+00 7.529401192862751335e-01
8.630853650000000599e+00 7.646291696939988558e-01
8.666894909999999896e+00 8.346290744230991931e-01
8.703087809999999536e+00 1.006897209633643930e+00
8.739430430000000527e+00 1.008758115522077947e+00
8.775926589999999194e+00 1.152633393453029509e+00
8.812573430000000485e+00 1.434270366201903846e+00
8.849373820000000279e+00 1.526550985459471876e+00
8.886328699999999969e+00 1.504322610504854829e+00
8.923436159999999617e+00 1.570283825255577526e+00
8.960700989999999422e+00 1.673121911007082740e+00
8.998119349999999628e+00 1.787534897098029374e+00
9.035694120000000495e+00 1.844722192255943582e+00
9.073427199999999360e+00 1.938827406729546787e+00
9.111316679999999835e+00 1.998676264451495710e+00
9.149365429999999577e+00 2.054781686447765487e+00
9.187571529999999598e+00 2.102136812763381268e+00
9.225937840000000278e+00 2.133836135646898224e+00
9.264465330000000165e+00 2.149632344301362519e+00
9.303152080000000268e+00 2.162725576931789462e+00
9.342001910000000464e+00 2.178347551917207969e+00
9.381012919999999866e+00 2.175491323438887736e+00
9.420187000000000310e+00 2.157289465366354353e+00
9.459526059999999958e+00 2.138850033438888243e+00
9.499027249999999256e+00 2.147503680690722394e+00
9.538695340000000300e+00 2.218898091155069530e+00
9.578527449999999277e+00 2.282612455647476946e+00
9.618525509999999556e+00 2.262174941302135700e+00
9.658693310000000309e+00 2.171053270587767869e+00
9.699026110000000145e+00 2.103176681950960081e+00
9.739527700000000010e+00 2.124840092682421577e+00
9.780200000000000671e+00 2.213182557862845456e+00
9.821041109999999463e+00 2.321312952961687603e+00
9.862053870000000444e+00 2.420622851617040272e+00
9.903236390000000000e+00 2.454650122034805371e+00
9.944590570000000795e+00 2.379227918212543980e+00
9.986119269999999659e+00 2.231775981727936120e+00
1.002781960000000083e+01 2.150521725245506666e+00
1.006969549999999991e+01 2.147397772472511956e+00
1.011174680000000059e+01 2.195293495447584231e+00
1.015397070000000035e+01 2.250829901156050639e+00
1.019637389999999932e+01 2.278141929688930922e+00
1.023895360000000032e+01 2.275075413102800148e+00
1.028170869999999937e+01 2.266657546827165248e+00
1.032464500000000029e+01 2.272425973231661178e+00
1.036776069999999983e+01 2.281253637858570382e+00
1.041105370000000008e+01 2.292205517105167623e+00
1.045452979999999954e+01 2.298944411074919980e+00
1.049818800000000074e+01 2.303216800771618722e+00
1.054202839999999952e+01 2.318345972463266680e+00
1.058604910000000032e+01 2.339021346740418394e+00
1.063025670000000034e+01 2.371487054474066714e+00
1.067464829999999942e+01 2.420024894338463906e+00
1.071922299999999950e+01 2.478528353415314633e+00
1.076398559999999982e+01 2.529479537688469115e+00
1.080893610000000038e+01 2.538502645743997199e+00
1.085407159999999926e+01 2.487571656540263909e+00
1.089939790000000031e+01 2.384507931079064225e+00
1.094491389999999953e+01 2.225132271697328079e+00
1.099061679999999974e+01 2.150405346235887638e+00
1.103651329999999930e+01 2.117163991028351955e+00
1.108260150000000088e+01 2.086276544921669363e+00
1.112888240000000017e+01 2.076174260943794536e+00
1.117535400000000045e+01 2.051490646402698736e+00
1.122202210000000022e+01 2.021864481367490640e+00
1.126888560000000084e+01 2.036353038215813704e+00
1.131594089999999930e+01 2.117748342939749229e+00
1.136319639999999964e+01 2.181075868187906774e+00
1.141064929999999933e+01 2.166276986127762427e+00
1.145829679999999939e+01 2.134817260997138977e+00
1.150614640000000044e+01 2.100519521992826544e+00
1.155419640000000037e+01 2.054846367620125402e+00
1.160244660000000039e+01 1.993179356675117475e+00
1.165089509999999962e+01 1.918886484076594678e+00
1.169954869999999936e+01 1.875626046518578560e+00
1.174840640000000036e+01 1.792005261410307915e+00
1.179746440000000085e+01 1.581974356106463198e+00
1.184673019999999966e+01 1.357177579989515159e+00
1.189620210000000000e+01 1.151921420042170352e+00
1.194587710000000058e+01 1.042730138879191415e+00
1.199576380000000064e+01 9.263578655216740954e-01
1.204585739999999916e+01 8.327210566555850457e-01
1.209616089999999922e+01 7.703567508587310098e-01
1.214667129999999950e+01 6.914103358347546413e-01
1.219739530000000016e+01 6.735215859681511485e-01
1.224833199999999955e+01 6.293829401608821428e-01
1.229947759999999946e+01 6.698985190210320351e-01
1.235084059999999972e+01 5.979119560207061257e-01
1.240241720000000036e+01 5.978156969452751435e-01
1.245420649999999974e+01 5.758363397625645419e-01
1.250621510000000036e+01 5.184607066668753816e-01
1.255844120000000075e+01 5.431190893291445443e-01
1.261088469999999973e+01 5.251945254017168496e-01
1.266354469999999921e+01 5.409773493258250854e-01
1.271642680000000070e+01 5.248168428277637521e-01
1.276953119999999942e+01 4.974218620933762991e-01
1.282285309999999967e+01 5.389537764017773291e-01
1.287640090000000015e+01 4.679999886814522614e-01
1.293017290000000052e+01 4.700119102334357479e-01
1.298416609999999949e+01 5.205309478716554361e-01
1.303838730000000012e+01 5.194020315882924566e-01
1.309283540000000023e+01 5.018882491397320678e-01
1.314751150000000024e+01 5.156344364214828779e-01
1.320241170000000075e+01 5.757361277650788756e-01
1.325754449999999984e+01 5.825671771758365036e-01
1.331290820000000075e+01 5.922162415217178122e-01
1.336849980000000038e+01 7.498505180645490542e-01
1.342432589999999948e+01 8.770794890115757303e-01
1.348038580000000053e+01 8.353223495469216386e-01
1.353667639999999928e+01 8.007041131643026777e-01
1.359320549999999983e+01 7.919332030587133975e-01
1.364997100000000074e+01 8.988404643767788915e-01
1.370697310000000080e+01 1.068187432861712693e+00
1.376420970000000032e+01 1.214994923999636045e+00
1.382168869999999927e+01 1.247367116082541028e+00
1.387940790000000035e+01 1.078469101980618072e+00
1.393736460000000044e+01 8.857277140063612997e-01
1.399556639999999952e+01 7.626817563656423937e-01
1.405401230000000012e+01 7.336474471088542115e-01
1.411269760000000062e+01 7.188961641635797095e-01
1.417163279999999936e+01 7.709953511188244457e-01
1.423081299999999949e+01 8.582194452663738371e-01
1.429023650000000067e+01 1.015975229675287528e+00
1.434991259999999968e+01 1.133609676111651199e+00
1.440983770000000064e+01 1.185119752783664993e+00
1.447001359999999970e+01 1.146931119190526038e+00
1.453043650000000042e+01 1.084625290968868949e+00
1.459111500000000028e+01 1.037447607900817914e+00
1.465204810000000002e+01 1.077336898567652801e+00
1.471323010000000053e+01 1.093091703734917708e+00
1.477467249999999943e+01 1.090945410741887001e+00
1.483637140000000088e+01 1.056266396376269956e+00
1.489832400000000057e+01 1.035486489157635193e+00
1.496053979999999939e+01 9.906466672352189917e-01
1.502301499999999912e+01 8.945582155522506795e-01
1.508575060000000079e+01 9.689448211687963219e-01
1.514874460000000056e+01 1.048509308111227112e+00
1.521200559999999946e+01 1.189113210885237804e+00
1.527553080000000030e+01 1.329458850111858714e+00
1.533931729999999938e+01 1.377626039512378275e+00
1.540337470000000053e+01 1.401820553013540582e+00
1.546769910000000081e+01 1.384328754015261564e+00
1.553228760000000008e+01 1.333849480408506150e+00
1.559715079999999965e+01 1.258792398996217754e+00
1.566228390000000026e+01 1.107070421551634487e+00
1.572768970000000088e+01 9.808138227043294854e-01
1.579336359999999928e+01 9.438478169693140796e-01
1.585931680000000021e+01 8.894218273147423970e-01
1.592554570000000069e+01 8.824436867833309606e-01
1.599204639999999955e+01 8.088936375949407065e-01
1.605882839999999945e+01 7.863786748544160377e-01
1.612589069999999936e+01 8.083115243385634585e-01
1.619322779999999895e+01 8.737982723124442241e-01
1.626085090000000122e+01 9.288419275718053925e-01
1.632875629999999845e+01 9.281730151108986693e-01
1.639694400000000130e+01 1.046203821842961457e+00
1.646541399999999911e+01 1.085598006634749035e+00
1.653417400000000015e+01 1.151175487840750522e+00
1.660322000000000031e+01 1.195244102606881631e+00
1.667255019999999988e+01 1.171663486429579848e+00
1.674217409999999973e+01 1.214073385161756002e+00
1.681208990000000014e+01 1.313404547177827952e+00
1.688229180000000085e+01 1.337771828128222706e+00
1.695279310000000095e+01 1.357639032255441691e+00
1.702358819999999895e+01 1.412426781963164846e+00
1.709467890000000168e+01 1.458838573362409852e+00
1.716606140000000025e+01 1.529728702022765008e+00
1.723774530000000027e+01 1.610142897464727829e+00
1.730973050000000057e+01 1.727253774852771206e+00
1.738201139999999967e+01 1.851989589960943983e+00
1.745459939999999932e+01 1.988268555505138702e+00
1.752748869999999926e+01 2.123596774911247653e+00
1.760067940000000064e+01 2.247332665833453369e+00
1.767417909999999992e+01 2.340265186660650532e+00
1.774798579999999859e+01 2.357056799011301162e+00
1.782210159999999988e+01 2.330157690939829163e+00
1.789652249999999967e+01 2.318242673596528025e+00
1.797125820000000118e+01 2.339922827704485453e+00
1.804630470000000031e+01 2.375308916324045505e+00
1.812166210000000177e+01 2.410329402515775765e+00
1.819733809999999963e+01 2.426802204652485528e+00
1.827333069999999893e+01 2.413460061223941633e+00
1.834963420000000056e+01 2.347828592191562702e+00
1.842626190000000008e+01 2.263752783175613459e+00
1.850321010000000044e+01 2.205735027803701342e+00
1.858047489999999868e+01 2.180910264498970630e+00
1.865806579999999926e+01 2.170432398924290407e+00
1.873598289999999977e+01 2.176093415551551669e+00
1.881422420000000173e+01 2.214385234816328207e+00
1.889278600000000097e+01 2.290248076799368260e+00
1.897168350000000103e+01 2.392037318600383600e+00
1.905090900000000076e+01 2.500103067070093221e+00
1.913045879999999954e+01 2.589607003872018698e+00
1.921034810000000093e+01 2.633759137142205553e+00
1.929057119999999870e+01 2.642847449965426865e+00
1.937112240000000085e+01 2.641837575294717411e+00
1.945201679999999911e+01 2.636636183080180995e+00
1.953324890000000025e+01 2.638316718154375629e+00
1.961481859999999955e+01 2.640563723061394974e+00
1.969672389999999851e+01 2.644992228625357544e+00
1.977897829999999857e+01 2.648898248028181523e+00
1.986157419999999973e+01 2.658523038092674984e+00
1.994451139999999967e+01 2.665735039560058528e+00
2.002779960000000159e+01 2.661396130302373653e+00
2.011143489999999900e+01 2.633918407367146663e+00
2.019541549999999930e+01 2.607157044612997687e+00
2.027975079999999863e+01 2.574601685382365002e+00
2.036443900000000085e+01 2.557044262091909381e+00
2.044948199999999972e+01 2.525349150869346637e+00
2.053487210000000118e+01 2.493594560517386594e+00
2.062062639999999902e+01 2.474742798895023910e+00
2.070673749999999913e+01 2.445712253374021206e+00
2.079320339999999945e+01 2.417266147981739000e+00
2.088003540000000058e+01 2.377055390552098579e+00
2.096722979999999836e+01 2.348010134075479982e+00
2.105478480000000019e+01 2.345482995872221199e+00
2.114270780000000016e+01 2.382885796654589328e+00
2.123100090000000151e+01 2.395163696692162780e+00
2.131966020000000128e+01 2.412736061029186363e+00
2.140868569999999949e+01 2.470475396201829099e+00
2.149808880000000144e+01 2.556615273849503822e+00
2.158786389999999855e+01 2.637173972651586595e+00
2.167800899999999942e+01 2.704619957683485065e+00
2.176853559999999987e+01 2.747175113816522796e+00
2.185944179999999903e+01 2.766631069102618579e+00
2.195071980000000167e+01 2.777727558018280085e+00
2.204238700000000151e+01 2.786789633231632202e+00
2.213443570000000094e+01 2.770946160350461263e+00
2.222686960000000056e+01 2.732978357038981621e+00
2.231968309999999889e+01 2.660716942401821328e+00
2.241288949999999858e+01 2.555675629425799844e+00
2.250648500000000141e+01 2.421493545666850711e+00
2.260046579999999850e+01 2.288666493609869512e+00
2.269484519999999961e+01 2.227439731857760119e+00
2.278961939999999942e+01 2.220295263054045343e+00
2.288478279999999998e+01 2.214510122993858854e+00
2.298034859999999924e+01 2.157632891982437240e+00
2.307631489999999985e+01 2.061336800829264071e+00
2.317268179999999944e+01 1.937139968584687733e+00
2.326944350000000128e+01 1.806308251063599712e+00
2.336661720000000031e+01 1.754322822216733080e+00
2.346419530000000009e+01 1.793699868971145195e+00
2.356217579999999856e+01 1.839072093137902986e+00
2.366057209999999955e+01 1.865954586816152005e+00
2.375937839999999923e+01 1.857004414333781162e+00
2.385859110000000172e+01 1.828748013037851727e+00
2.395822330000000022e+01 1.805178179637656921e+00
2.405827329999999975e+01 1.835611499735947838e+00
2.415873339999999914e+01 1.935401357769805486e+00
2.425962069999999926e+01 2.062719134313021119e+00
2.436092760000000013e+01 2.118138836299210404e+00
2.446265980000000084e+01 2.060285486143229150e+00
2.456480790000000169e+01 1.975944379884309265e+00
2.466739079999999973e+01 1.928994742884327929e+00
2.477040290000000056e+01 1.880614441916298674e+00
2.487383649999999946e+01 1.801794289342870670e+00
2.497770879999999849e+01 1.693807072668968905e+00
2.508201599999999942e+01 1.602837220309412336e+00
2.518675229999999843e+01 1.563547776573260828e+00
2.529193120000000050e+01 1.545653108565781420e+00
2.539755059999999887e+01 1.519839015262931969e+00
2.550361059999999824e+01 1.489394844919159633e+00
2.561010549999999952e+01 1.464902583999629471e+00
2.571705439999999854e+01 1.461425411352269110e+00
2.582444759999999917e+01 1.498036181401119604e+00
2.593228339999999932e+01 1.570915928716433596e+00
2.604057690000000136e+01 1.655559114896426154e+00
2.614932250000000025e+01 1.757283137971213050e+00
2.625851439999999926e+01 1.884455970010823878e+00
2.636816980000000044e+01 2.033425893259394712e+00
2.647828289999999996e+01 2.131428874456373190e+00
2.658885769999999837e+01 2.121506376687805506e+00
2.669988439999999841e+01 2.043115977560746810e+00
2.681138229999999822e+01 1.984069539577570485e+00
2.692334749999999843e+01 1.955371103474842664e+00
2.703577230000000142e+01 1.946253561701885237e+00
2.714867209999999886e+01 1.942136712814311883e+00
2.726204489999999936e+01 1.959064581194429611e+00
2.737588500000000025e+01 1.993698778284378692e+00
2.749020579999999825e+01 2.073449261509770380e+00
2.760500529999999841e+01 2.192630905911151729e+00
2.772028350000000074e+01 2.307599921360943718e+00
2.783603480000000019e+01 2.384112118021815885e+00
2.795227810000000090e+01 2.439933809846381418e+00
2.806900789999999901e+01 2.478097891220186533e+00
2.818621440000000078e+01 2.509240773634933142e+00
2.830392069999999904e+01 2.539192920042407930e+00
2.842211719999999886e+01 2.568050606458997631e+00
2.854080009999999845e+01 2.595523795425922486e+00
2.865998649999999870e+01 2.625887494270674694e+00
2.877967070000000049e+01 2.619855477120541121e+00
2.889985469999999879e+01 2.575028453757703950e+00
2.902053259999999923e+01 2.496335738542855953e+00
2.914172170000000150e+01 2.407862189385986618e+00
2.926341820000000027e+01 2.355683326046269066e+00
2.938561250000000058e+01 2.329700617913946559e+00
2.950832750000000004e+01 2.286604948779573210e+00
2.963155360000000016e+01 2.229166440691978668e+00
2.975528720000000149e+01 2.176141699170581312e+00
2.987954519999999903e+01 2.131182109102629507e+00
3.000432209999999955e+01 2.103696550173717483e+00
3.012961960000000161e+01 2.079886493039898809e+00
3.025543210000000016e+01 2.039284734953703992e+00
3.038177870000000169e+01 1.981253931114434819e+00
3.050865359999999882e+01 1.928208946855464179e+00
3.063604929999999982e+01 1.902418863514642622e+00
3.076398470000000174e+01 1.870729880815973134e+00
3.089245610000000042e+01 1.831916260550657816e+00
3.102145390000000091e+01 1.741005990401051751e+00
3.115099909999999994e+01 1.611257034288865686e+00
3.128108599999999839e+01 1.491342130884911077e+00
3.141170689999999865e+01 1.390248556952145442e+00
3.154288100000000128e+01 1.323250863044295622e+00
3.167460439999999977e+01 1.297374169488092255e+00
3.180687710000000124e+01 1.273273327405277211e+00
3.193969350000000063e+01 1.219359135780090808e+00
3.207307430000000181e+01 1.145736529929547665e+00
3.220701220000000120e+01 1.081574003784773419e+00
3.234149930000000239e+01 1.005931796842679526e+00
3.247655489999999645e+01 9.453276499973973790e-01
3.261217880000000235e+01 9.148365657591607247e-01
3.274835970000000174e+01 8.749416098659507091e-01
3.288511660000000347e+01 8.758640138395092922e-01
3.302244189999999691e+01 9.263383022792827104e-01
3.316034319999999980e+01 9.804551404637845691e-01
3.329881290000000149e+01 1.018515408518113396e+00
3.343786999999999665e+01 1.010605279806158441e+00
3.357750320000000244e+01 1.011459185422905360e+00
3.371771619999999814e+01 1.057797951088702115e+00
3.385852049999999736e+01 1.128188485676040909e+00
3.399991229999999831e+01 1.192824800407822350e+00
3.414188769999999806e+01 1.234580390327418398e+00
3.428446199999999777e+01 1.236675186043785457e+00
3.442763519999999744e+01 1.196607596080558666e+00
3.457140350000000240e+01 1.081411285450958770e+00
3.471576689999999843e+01 9.546353441866770595e-01
3.486073679999999797e+01 8.539858220369298536e-01
3.500631709999999686e+01 7.835937096112681743e-01
3.515249250000000103e+01 7.606724192496147063e-01
3.529928970000000277e+01 7.857282979711909254e-01
3.544670099999999735e+01 8.677863710182557311e-01
3.559471510000000194e+01 9.927534629379061171e-01
3.574335860000000054e+01 1.136155061952536238e+00
3.589262389999999669e+01 1.261727358214427941e+00
3.604251099999999752e+01 1.373575817095350482e+00
3.619301219999999830e+01 1.430333207137014062e+00
3.634415440000000075e+01 1.451664222231273893e+00
3.649592969999999781e+01 1.491351676161323025e+00
3.664832690000000071e+01 1.493956491485216365e+00
3.680136869999999760e+01 1.477204054921272602e+00
3.695505140000000210e+01 1.443615075370234813e+00
3.710936360000000178e+01 1.393786706816834364e+00
3.726433180000000078e+01 1.302537079827183142e+00
3.741994859999999790e+01 1.187103711727289124e+00
3.757621379999999789e+01 1.057315127780885877e+00
3.773312380000000132e+01 9.248272506091825829e-01
3.789069369999999992e+01 8.491740676561688739e-01
3.804892730000000256e+01 7.632612689650983828e-01
3.820780940000000214e+01 6.984246304202812450e-01
3.836736299999999744e+01 6.530889458626922828e-01
3.852758790000000033e+01 6.060397720078295469e-01
3.868846510000000194e+01 5.650970371494503652e-01
3.885002899999999926e+01 5.167646229239610811e-01
3.901226810000000000e+01 4.590036348016131029e-01
3.917518230000000301e+01 4.185163965265472075e-01
3.933876800000000173e+01 4.211097581346805452e-01
3.950304409999999677e+01 4.307515048902332833e-01
3.966801070000000351e+01 4.165890763414837328e-01
3.983365249999999946e+01 4.135588840072274563e-01
3.999999619999999823e+01 4.095936242400258220e-01
4.229427720000000335e+01 3.600431389735581633e-01
4.472013849999999735e+01 3.164872213182567950e-01
4.728515620000000297e+01 2.782002140084738340e-01
4.999729159999999695e+01 8.935562911487818782e-01
5.286497500000000116e+01 6.187980738855700658e-01
5.589715189999999723e+01 2.951155902601909631e-01
5.910324479999999880e+01 2.162461661004325408e-01
6.249321750000000009e+01 1.676615217252419854e-01
6.607764430000000289e+01 1.403715287646016829e-01
6.986763759999999479e+01 2.061781080429392066e-01
7.387503809999999760e+01 1.419865141140110865e-01
7.811228939999999454e+01 1.030893264509210733e-01
8.259255980000000363e+01 8.584276101990996610e-02
8.732982640000000174e+01 6.128839403065380886e-02
9.233880619999999340e+01 6.868321367718291381e-02
9.763505550000000710e+01 7.024038898735264491e-02
1.032350849999999980e+02 6.190373803602724351e-02
1.091563419999999951e+02 5.463158476273455993e-02
1.154172290000000061e+02 4.827448588662373169e-02
1.220372160000000008e+02 4.270630477466900998e-02
1.290369110000000035e+02 3.782017627827749529e-02
1.364380800000000136e+02 3.352527604228208030e-02
1.442636870000000044e+02 2.974416168540002653e-02
1.525382229999999879e+02 2.641048638852511871e-02
1.612873690000000124e+02 2.346740910520029449e-02
1.705383300000000020e+02 2.086598586719453155e-02
1.803199009999999873e+02 1.856396944602125426e-02
1.906625209999999981e+02 1.652480667030252481e-02
2.015982510000000048e+02 1.471680811429884432e-02
2.131613309999999899e+02 1.311236694004628417e-02
2.253876190000000008e+02 1.168747471289118857e-02
2.383151860000000113e+02 1.042114192469834402e-02
2.519842380000000048e+02 9.295005327796701522e-03
2.664371639999999957e+02 8.292971844731317557e-03
2.817192079999999805e+02 7.400880210566322497e-03
2.978777769999999805e+02 6.606299594390626501e-03
3.149631650000000036e+02 5.898267814470751699e-03
3.330285339999999792e+02 5.267114177837828488e-03
3.521300659999999993e+02 4.704296421730920323e-03
3.723269960000000083e+02 4.202262986230045558e-03
3.936825559999999768e+02 3.754314211009674492e-03
4.162630310000000122e+02 3.354525841200221587e-03
4.401386410000000069e+02 2.997639355524034550e-03
4.653836979999999812e+02 2.678985359686495912e-03
4.920767210000000205e+02 2.394416131597690983e-03
5.203004760000000033e+02 2.140246240488197227e-03
5.501433719999999994e+02 1.913189910958311857e-03
5.816979979999999841e+02 1.710330048068420695e-03
6.150624390000000403e+02 1.529067039981398457e-03
6.503405760000000555e+02 1.367083972829319762e-03
6.876418459999999868e+02 1.222317488228836374e-03
7.270829469999999901e+02 1.092924409593307080e-03
7.687862549999999828e+02 9.772644236241692043e-04
8.128815309999999954e+02 8.738728425343187181e-04
8.595060419999999795e+02 7.814424975517160043e-04
9.088047490000000153e+02 6.988069498612757384e-04
9.609305419999999458e+02 6.249252318487994069e-04
1.016046690000000012e+03 5.588657334954325474e-04
1.074324100000000044e+03 4.997986447596165479e-04
1.135944089999999960e+03 4.469819429084762822e-04
1.201098510000000033e+03 3.997526327175453123e-04
1.269989990000000034e+03 3.575185012133783925e-04
1.342832149999999956e+03 3.197506235622104317e-04
1.419853029999999990e+03 2.859752753544810770e-04
1.501291500000000042e+03 2.557701195577658675e-04
1.587401119999999992e+03 2.287572221561741316e-04
1.678449830000000020e+03 2.045988143110445473e-04
1.774719730000000027e+03 1.829931943722605027e-04
1.876512330000000020e+03 1.636699592572887221e-04
1.984143550000000005e+03 1.463879596887101664e-04
2.097948240000000169e+03 1.309314134050610084e-04
2.218280270000000201e+03 1.171073984960580938e-04
2.345514160000000174e+03 1.047433674500504995e-04
2.480044679999999971e+03 9.368512837069099808e-05
2.622292480000000069e+03 8.379455388494825999e-05
2.772699459999999817e+03 7.494834856921606776e-05
2.931733400000000074e+03 6.703620520606565431e-05
3.099888919999999871e+03 5.995947146548878724e-05
3.277689210000000003e+03 5.362991172013691841e-05
3.465685789999999997e+03 4.796866188507625334e-05
3.664467290000000048e+03 4.290504165942108766e-05
3.874650389999999788e+03 3.837599615998371611e-05
4.096888670000000275e+03 3.432508508790514028e-05
4.331874020000000201e+03 3.070181531152305033e-05
4.580334960000000137e+03 2.746106682921771057e-05
4.843049799999999777e+03 2.456238916603484986e-05
5.120832519999999931e+03 2.196970812004126801e-05
5.414548340000000280e+03 1.965070952959691757e-05
5.725110840000000280e+03 1.757650294875920779e-05
6.053486329999999725e+03 1.572124579502771717e-05
6.400692380000000412e+03 1.406184250250371355e-05
6.767817380000000412e+03 1.257758130061954785e-05
7.155999020000000201e+03 1.124999400965368629e-05
7.566446289999999863e+03 1.006253800161875069e-05
8.000435059999999794e+03 9.000424308773811104e-06
8.459316409999999451e+03 8.050419976995350612e-06
8.944512699999999313e+03 7.200699840036255333e-06
9.457542970000000423e+03 6.440662445816310266e-06
1.000000000000000000e+04 5.760847594516912477e-06
