698   0.1   2.8
4.999999329999999659e-02 1.208603843366886199e+00
5.238078530000000316e-02 1.217870028182087339e+00
5.487493799999999811e-02 1.229629300331211761e+00
5.748785289999999715e-02 1.248677353238806464e+00
6.022516640000000199e-02 1.285728543767285181e+00
6.309283520000000256e-02 1.343807895452254320e+00
6.609705089999999561e-02 1.404574072626147752e+00
6.924431770000000208e-02 1.454379045896948108e+00
7.254143799999999975e-02 1.496204813218255492e+00
7.599553470000000588e-02 1.536833843955703882e+00
7.961412519999999660e-02 1.575528416125387521e+00
8.340501790000000304e-02 1.612672441896999320e+00
8.737641570000000135e-02 1.647392646131160987e+00
9.153690929999999670e-02 1.680489571680587657e+00
9.589551390000000675e-02 1.710029307644910901e+00
1.004616390000000054e-01 1.739677367997579438e+00
1.052452029999999955e-01 1.766129216944926306e+00
1.102565229999999952e-01 1.790276828877790383e+00
1.155064779999999958e-01 1.814272004310990560e+00
1.210064069999999964e-01 1.836399788489007534e+00
1.267682159999999891e-01 1.838032318812845789e+00
1.328043790000000002e-01 1.840440165295438746e+00
1.391279699999999897e-01 1.840721312803034637e+00
1.457526389999999894e-01 1.821638898218984837e+00
1.526927650000000081e-01 1.771108684442279202e+00
1.599633540000000020e-01 1.669032663454012022e+00
1.675801130000000028e-01 1.477974541511518192e+00
1.755595799999999929e-01 1.110944440311779635e+00
1.839189830000000081e-01 7.290432800161652516e-01
1.926764099999999924e-01 4.961863679102698210e-01
2.018508460000000004e-01 3.296295152681559260e-01
2.114621399999999929e-01 2.452850066352753877e-01
2.215310480000000082e-01 1.291705109175857458e-01
2.320794310000000027e-01 6.767146803495081853e-02
2.431300730000000021e-01 3.056913388739805962e-02
2.547068889999999919e-01 1.714559449869836050e-02
2.668349440000000183e-01 1.364896988950009896e-02
2.795405089999999926e-01 9.926877368992937517e-03
2.928510009999999997e-01 6.470492490677039361e-03
3.067953589999999897e-01 3.449467016054535637e-03
3.214036230000000272e-01 9.425396547604612861e-04
3.367075319999999761e-01 5.228524262267935253e-04
3.527401090000000239e-01 3.088902933454967976e-04
3.695360719999999932e-01 2.009762476884955902e-04
3.871318400000000048e-01 1.496686177554280199e-04
4.055654109999999868e-01 1.266313246179620556e-04
4.248766900000000013e-01 1.165625012072737092e-04
4.451075489999999912e-01 1.068258140768776399e-04
4.663016500000000120e-01 9.945302189659572709e-05
4.885049459999999955e-01 9.329759800753205466e-05
5.117654799999999948e-01 8.794994851376496201e-05
5.361335870000000225e-01 8.331479430999498440e-05
5.616619590000000439e-01 8.003954720186731134e-05
5.884059670000000297e-01 7.810871584005055733e-05
6.164233679999999715e-01 7.643197644418485382e-05
6.457748410000000439e-01 7.496427401427402176e-05
6.765238639999999748e-01 7.222516975223834202e-05
7.087370750000000497e-01 6.996252020043737833e-05
7.424841519999999528e-01 6.909232346280468615e-05
7.778380510000000303e-01 6.827623896083833495e-05
8.148754240000000149e-01 6.720218909588090582e-05
8.536763189999999613e-01 6.573608526600228908e-05
8.943247199999999619e-01 6.436602456853370382e-05
9.369087219999999716e-01 6.308353905989855833e-05
9.815202950000000426e-01 6.188127747949317145e-05
1.028256180000000075e+00 6.030101657715930687e-05
1.077217340000000023e+00 5.852813256586576155e-05
1.128509879999999965e+00 5.686761258944116504e-05
1.182244660000000058e+00 5.531176003075257992e-05
1.238538149999999893e+00 5.385588778396810351e-05
1.297512049999999917e+00 5.249356435510954040e-05
1.359294060000000082e+00 5.119001493345599104e-05
1.424017910000000109e+00 4.971484561701727123e-05
1.491823670000000046e+00 4.791741735610591506e-05
1.562857869999999982e+00 4.681909966738330116e-05
1.637274619999999903e+00 4.551505884542436978e-05
1.715234640000000033e+00 4.407985819186394316e-05
1.796906829999999955e+00 4.328837655959226049e-05
1.882467869999999932e+00 4.257223713402911997e-05
1.972102999999999939e+00 4.188463431957504315e-05
2.066006180000000025e+00 4.096633337020970671e-05
2.164380550000000181e+00 3.998476966385029421e-05
2.267439130000000080e+00 3.864590948533578419e-05
2.375405069999999785e+00 3.716477093038934263e-05
2.488511799999999941e+00 3.626915637394503719e-05
2.607004170000000176e+00 3.556193970791570965e-05
2.731138710000000192e+00 3.489328483216362577e-05
2.861183880000000013e+00 3.442786477647379935e-05
2.997421259999999865e+00 3.417750598087410352e-05
3.140145780000000109e+00 3.366821631202866327e-05
3.289666180000000217e+00 3.318173367835348958e-05
3.446306229999999804e+00 3.272175374741967082e-05
3.610404490000000077e+00 3.346046273115795098e-05
3.782316680000000098e+00 3.473773117874277220e-05
3.962414739999999824e+00 3.595813780463822155e-05
4.151087760000000237e+00 5.165741092804544004e-05
4.348745349999999732e+00 7.026459897980319262e-05
4.555814269999999944e+00 1.353895642169537577e-04
4.772742270000000175e+00 3.261352100499878407e-04
5.000000000000000000e+00 4.877731963481589167e-04
5.020879270000000005e+00 5.009426539309284930e-04
5.041846750000000377e+00 5.140673440994596426e-04
5.062900540000000227e+00 5.271461327204836214e-04
5.084043499999999938e+00 5.401807387942148464e-04
5.105273719999999571e+00 5.531699994211812868e-04
5.126592640000000145e+00 5.661149156171972358e-04
5.148001189999999561e+00 5.790159617168042817e-04
5.169498439999999917e+00 5.918727834195045218e-04
5.191086290000000325e+00 6.046864208303444257e-04
5.212763309999999706e+00 6.174560248783994218e-04
5.234531399999999834e+00 6.301828328753812571e-04
5.256390569999999762e+00 6.428669538990943377e-04
5.278340339999999742e+00 6.555079348812548187e-04
5.300382609999999772e+00 6.681070324762176027e-04
5.322516440000000237e+00 6.806636577721343661e-04
5.344742769999999865e+00 6.931785478211961986e-04
5.367062090000000119e+00 7.056517715682474002e-04
5.389474390000000170e+00 7.180835007083806844e-04
5.411980630000000403e+00 7.304741570334879379e-04
5.434580330000000181e+00 7.428237681982618242e-04
5.457274439999999949e+00 7.551326506694394907e-04
5.480063920000000088e+00 7.674013365546154689e-04
5.502947810000000217e+00 7.778013860973141159e-04
5.525928020000000274e+00 7.758003487361716599e-04
5.549003599999999814e+00 7.738092100813610298e-04
5.572175500000000170e+00 7.718279665127844059e-04
5.595444679999999948e+00 7.698563710893550687e-04
5.618810650000000351e+00 7.678946544654222627e-04
5.642274859999999670e+00 7.659426207563908764e-04
5.665836330000000309e+00 7.640002144628858490e-04
5.689496039999999866e+00 7.620675508346879280e-04
5.713254929999999732e+00 7.601443580492532560e-04
5.737112999999999907e+00 7.582308726152122216e-04
5.761070250000000392e+00 7.563268505494911715e-04
5.785128590000000237e+00 7.544321932751332869e-04
5.809286120000000331e+00 7.525471793733898426e-04
5.833545680000000289e+00 7.506707596140442399e-04
5.857905859999999798e+00 7.488044004235610033e-04
5.882367610000000191e+00 7.469474165895913578e-04
5.906932349999999943e+00 7.450996930674714039e-04
5.931599140000000325e+00 7.432612219034910768e-04
5.956369399999999814e+00 7.414313771641317099e-04
5.981242179999999742e+00 7.396112588200299057e-04
6.006218910000000299e+00 7.392639325049215736e-04
6.031301019999999902e+00 7.433390682966154123e-04
6.056487080000000134e+00 7.474064419324382823e-04
6.081778530000000238e+00 7.514662411070602115e-04
6.107175350000000336e+00 7.555184304757264074e-04
6.132678030000000113e+00 7.595626442198404266e-04
6.158287999999999762e+00 7.635995748238964950e-04
6.184004309999999727e+00 7.676296468047647285e-04
6.209828850000000067e+00 7.716528516081242470e-04
6.235760209999999581e+00 7.756687103265445197e-04
6.261799810000000299e+00 7.796775871771226751e-04
6.287949089999999686e+00 7.836796153316068648e-04
6.314206600000000336e+00 7.876748688805433954e-04
6.340574740000000098e+00 7.916627322682623542e-04
6.367052079999999670e+00 7.956443070960233892e-04
6.393639560000000444e+00 7.996193478684581087e-04
6.420339580000000268e+00 8.035880064533774828e-04
6.447150230000000093e+00 8.075501578643444044e-04
6.474073409999999917e+00 8.115060866171616098e-04
6.501108170000000186e+00 8.157114332899390811e-04
6.528255940000000201e+00 8.259022692368447275e-04
6.555517670000000408e+00 8.360724939871210524e-04
6.582892890000000108e+00 8.462221122064975554e-04
6.610383030000000382e+00 8.563514351660575811e-04
6.637986660000000150e+00 8.664602226284553793e-04
6.665706160000000047e+00 8.765491655491609814e-04
6.693541999999999881e+00 8.866186275922788599e-04
6.721493240000000036e+00 8.966682707896516486e-04
6.749562260000000258e+00 9.066988978726522571e-04
6.777747630000000356e+00 9.167101706746889509e-04
6.806050299999999886e+00 9.267023730630697537e-04
6.834472660000000310e+00 9.366762663051322445e-04
6.863012310000000227e+00 9.466314368604799440e-04
6.891672129999999896e+00 9.565683596025237366e-04
6.920450690000000016e+00 9.664871170377919247e-04
6.949349400000000010e+00 9.763877899302724536e-04
6.978370189999999695e+00 9.862714996574008935e-04
7.007510660000000335e+00 1.002159172350712991e-03
7.036774160000000222e+00 1.035404752067466648e-03
7.066158770000000366e+00 1.068623510951386118e-03
7.095665930000000010e+00 1.101817386152780269e-03
7.125297549999999980e+00 1.134988756895081953e-03
7.155051710000000398e+00 1.168135681533396825e-03
7.184930800000000062e+00 1.201261090235330184e-03
7.214934350000000052e+00 1.234364641672941075e-03
7.245062830000000176e+00 1.267447285112530695e-03
7.275318150000000372e+00 1.300511108608200413e-03
7.305698869999999623e+00 1.333554838241822775e-03
7.336207390000000217e+00 1.366581467060674383e-03
7.366842270000000248e+00 1.399589498716830331e-03
7.397605419999999654e+00 1.432581234641476216e-03
7.428497789999999767e+00 1.465558036330785654e-03
7.459517960000000336e+00 1.498518464161786596e-03
7.490667819999999644e+00 1.531464691775102872e-03
7.521948809999999597e+00 2.009201151506714682e-03
7.553359509999999943e+00 2.677008147470712109e-03
7.584902289999999603e+00 3.345531908807617815e-03
7.616575720000000160e+00 4.014752600170703838e-03
7.648381230000000031e+00 4.684709417490665745e-03
7.680321219999999727e+00 5.355462971526229327e-03
7.712392809999999876e+00 6.026962389419588881e-03
7.744599820000000356e+00 6.699298084631337760e-03
7.776940350000000279e+00 7.372438254437385478e-03
7.809415819999999897e+00 8.046417798865187695e-03
7.842027660000000289e+00 8.721276427974841358e-03
7.874774930000000062e+00 9.397004584224282267e-03
7.907660009999999851e+00 1.007365891202163626e-02
7.940680979999999778e+00 1.075120725548841041e-02
7.973840240000000357e+00 1.142970535333894325e-02
8.007139210000000062e+00 1.215309619881690603e-02
8.040575979999999845e+00 1.237434545104027124e-02
8.074152950000000217e+00 1.361040899272357094e-02
8.107870099999999525e+00 1.390903943411811623e-02
8.141726489999999927e+00 1.494807952453300684e-02
8.175726889999999969e+00 1.460066376094539507e-02
8.209867479999999773e+00 1.352990830015436165e-02
8.244152070000000165e+00 1.460925195085518470e-02
8.278577800000000764e+00 1.312374990524766728e-02
8.313148500000000496e+00 1.587902763780894150e-02
8.347864149999999483e+00 1.560900185361988740e-02
8.382723809999999887e+00 1.648918646527278847e-02
8.417729380000000816e+00 1.627398550437855751e-02
8.452880860000000496e+00 1.726849417705895312e-02
8.488179210000000197e+00 1.863126833820040809e-02
8.523625369999999535e+00 1.896776325683754635e-02
8.559219360000000165e+00 1.940819299328301953e-02
8.594962119999999928e+00 2.145993810781437680e-02
8.630853650000000599e+00 2.266473996350349199e-02
8.666894909999999896e+00 2.654448005041723860e-02
8.703087809999999536e+00 3.640174989344342055e-02
8.739430430000000527e+00 3.723827958063281179e-02
8.775926589999999194e+00 5.117678767358116443e-02
8.812573430000000485e+00 8.240594895974708012e-02
8.849373820000000279e+00 9.318434710306325308e-02
8.886328699999999969e+00 1.037652194304443110e-01
8.923436159999999617e+00 1.254605604081016901e-01
8.960700989999999422e+00 1.524948772827453836e-01
8.998119349999999628e+00 1.769460315664772021e-01
9.035694120000000495e+00 1.950210786566690668e-01
9.073427199999999360e+00 2.122822556459382504e-01
9.111316679999999835e+00 2.256221474878249977e-01
9.149365429999999577e+00 2.357864174865800244e-01
9.187571529999999598e+00 2.363790709769955090e-01
9.225937840000000278e+00 2.266438323711449099e-01
9.264465330000000165e+00 2.116932468309698223e-01
9.303152080000000268e+00 1.961747427727452975e-01
9.342001910000000464e+00 1.737183887378993818e-01
9.381012919999999866e+00 1.447284326359427609e-01
9.420187000000000310e+00 1.229590723142913455e-01
9.459526059999999958e+00 1.074832399223467766e-01
9.499027249999999256e+00 1.050800385236877188e-01
9.538695340000000300e+00 1.147882868045550786e-01
9.578527449999999277e+00 1.176081083784600023e-01
9.618525509999999556e+00 1.066894220624273054e-01
9.658693310000000309e+00 9.595688677684180434e-02
9.699026110000000145e+00 9.957263655272340086e-02
9.739527700000000010e+00 1.226707892203423300e-01
9.780200000000000671e+00 1.454271791040058492e-01
9.821041109999999463e+00 1.589757379437669871e-01
9.862053870000000444e+00 1.644695800439921474e-01
9.903236390000000000e+00 1.458925600218799745e-01
9.944590570000000795e+00 1.160963552363036694e-01
9.986119269999999659e+00 1.026557110302725867e-01
1.002781960000000083e+01 1.097132746802332720e-01
1.006969549999999991e+01 1.261142549283847947e-01
1.011174680000000059e+01 1.485224934768351324e-01
1.015397070000000035e+01 1.711490801344404122e-01
1.019637389999999932e+01 1.814671301440304307e-01
1.023895360000000032e+01 1.792839228008636099e-01
1.028170869999999937e+01 1.776238962084996098e-01
1.032464500000000029e+01 1.825243045410788190e-01
1.036776069999999983e+01 1.845851565828715013e-01
1.041105370000000008e+01 1.816257428501809046e-01
1.045452979999999954e+01 1.738295475244376331e-01
1.049818800000000074e+01 1.627647586791273471e-01
1.054202839999999952e+01 1.516435318634402063e-01
1.058604910000000032e+01 1.410901002172603169e-01
1.063025670000000034e+01 1.318792253780291523e-01
1.067464829999999942e+01 1.239523699292207348e-01
1.071922299999999950e+01 1.180830035855918864e-01
1.076398559999999982e+01 1.142281223301007953e-01
1.080893610000000038e+01 1.087364604287479330e-01
1.085407159999999926e+01 1.005422576355317760e-01
1.089939790000000031e+01 8.403253426164501716e-02
1.094491389999999953e+01 7.346168486403524545e-02
1.099061679999999974e+01 8.449601102135385899e-02
1.103651329999999930e+01 9.863342739113695190e-02
1.108260150000000088e+01 9.597207217068723373e-02
1.112888240000000017e+01 8.376499394251893382e-02
1.117535400000000045e+01 7.012274135499284300e-02
1.122202210000000022e+01 5.817242680319578696e-02
1.126888560000000084e+01 5.222196429887322050e-02
1.131594089999999930e+01 5.783848610271086904e-02
1.136319639999999964e+01 7.443190569503471687e-02
1.141064929999999933e+01 8.858780929879289667e-02
1.145829679999999939e+01 9.443754614946810177e-02
1.150614640000000044e+01 9.306758628602250505e-02
1.155419640000000037e+01 8.569434187669935921e-02
1.160244660000000039e+01 7.525066494282026119e-02
1.165089509999999962e+01 6.262527901756559379e-02
1.169954869999999936e+01 4.993502776792917153e-02
1.174840640000000036e+01 3.620752856184788343e-02
1.179746440000000085e+01 2.336649520401306093e-02
1.184673019999999966e+01 1.681048434197144822e-02
1.189620210000000000e+01 1.306389274475103397e-02
1.194587710000000058e+01 1.165983505976191277e-02
1.199576380000000064e+01 1.025311367478589329e-02
1.204585739999999916e+01 9.293198911443065896e-03
1.209616089999999922e+01 8.678617982729333255e-03
1.214667129999999950e+01 7.856405352169209058e-03
1.219739530000000016e+01 7.777303149297060993e-03
1.224833199999999955e+01 7.397008489635482388e-03
1.229947759999999946e+01 8.115374389338158786e-03
1.235084059999999972e+01 7.234021891422105603e-03
1.240241720000000036e+01 7.407401241965834611e-03
1.245420649999999974e+01 7.203807081876159070e-03
1.250621510000000036e+01 6.472836235151625643e-03
1.255844120000000075e+01 6.991830059701125213e-03
1.261088469999999973e+01 6.817013497421977979e-03
1.266354469999999921e+01 7.178364039370010302e-03
1.271642680000000070e+01 7.018847834751460596e-03
1.276953119999999942e+01 6.700950498094980848e-03
1.282285309999999967e+01 7.403217334414569951e-03
1.287640090000000015e+01 6.420057129966703913e-03
1.293017290000000052e+01 6.556329187814933374e-03
1.298416609999999949e+01 7.451257511645508272e-03
1.303838730000000012e+01 7.545139226235818460e-03
1.309283540000000023e+01 7.389570544921450664e-03
1.314751150000000024e+01 7.726409344675503471e-03
1.320241170000000075e+01 8.877787766669807332e-03
1.325754449999999984e+01 9.187845497067028203e-03
1.331290820000000075e+01 9.765346349305082524e-03
1.336849980000000038e+01 1.352575229851185959e-02
1.342432589999999948e+01 1.720839411148457690e-02
1.348038580000000053e+01 1.556887148592596588e-02
1.353667639999999928e+01 1.463054257869343851e-02
1.359320549999999983e+01 1.496537334729188158e-02
1.364997100000000074e+01 1.909341061638289080e-02
1.370697310000000080e+01 2.709231428962829633e-02
1.376420970000000032e+01 3.454605312626349983e-02
1.382168869999999927e+01 3.023855647089360166e-02
1.387940790000000035e+01 2.087066033381261218e-02
1.393736460000000044e+01 1.526822701186999857e-02
1.399556639999999952e+01 1.292661453259291542e-02
1.405401230000000012e+01 1.291911591701946048e-02
1.411269760000000062e+01 1.309683836320395083e-02
1.417163279999999936e+01 1.517237681761696502e-02
1.423081299999999949e+01 1.871407184983186686e-02
1.429023650000000067e+01 2.524932996002203847e-02
1.434991259999999968e+01 3.054828276166284690e-02
1.440983770000000064e+01 3.095064454772124274e-02
1.447001359999999970e+01 2.637398728522820021e-02
1.453043650000000042e+01 2.299880575921472992e-02
1.459111500000000028e+01 2.133291421010276648e-02
1.465204810000000002e+01 2.245275868897181684e-02
1.471323010000000053e+01 2.292459223619532430e-02
1.477467249999999943e+01 2.280273060573218685e-02
1.483637140000000088e+01 2.197639009609747215e-02
1.489832400000000057e+01 2.147725871063639949e-02
1.496053979999999939e+01 2.070104943207328255e-02
1.502301499999999912e+01 1.877861018310603147e-02
1.508575060000000079e+01 2.140927427657200038e-02
1.514874460000000056e+01 2.486284487847271671e-02
1.521200559999999946e+01 3.069404988316127778e-02
1.527553080000000030e+01 3.642898893673281874e-02
1.533931729999999938e+01 3.955377108710010636e-02
1.540337470000000053e+01 4.220635424931930280e-02
1.546769910000000081e+01 4.090513226469935648e-02
1.553228760000000008e+01 3.563265200706530050e-02
1.559715079999999965e+01 2.990019402198187959e-02
1.566228390000000026e+01 2.400633858941773890e-02
1.572768970000000088e+01 2.043463615491311960e-02
1.579336359999999928e+01 1.974555590048779341e-02
1.585931680000000021e+01 1.885720453490742285e-02
1.592554570000000069e+01 1.891128616533396464e-02
1.599204639999999955e+01 1.765800764056182914e-02
1.605882839999999945e+01 1.770141480952215282e-02
1.612589069999999936e+01 1.912659950714068122e-02
1.619322779999999895e+01 2.200737896069738728e-02
1.626085090000000122e+01 2.500572122479438955e-02
1.632875629999999845e+01 2.730326836975587729e-02
1.639694400000000130e+01 3.320029092743839727e-02
1.646541399999999911e+01 3.725320156660621301e-02
1.653417400000000015e+01 4.229732612322522484e-02
1.660322000000000031e+01 4.652842878679930294e-02
1.667255019999999988e+01 4.894412536262628816e-02
1.674217409999999973e+01 5.328295944221077274e-02
1.681208990000000014e+01 5.860914867159706249e-02
1.688229180000000085e+01 6.162556287786639941e-02
1.695279310000000095e+01 6.442707285657514604e-02
1.702358819999999895e+01 6.796504112069540193e-02
1.709467890000000168e+01 7.106645282507008388e-02
1.716606140000000025e+01 7.469599967054735279e-02
1.723774530000000027e+01 7.880835836532586181e-02
1.730973050000000057e+01 8.456540448220777051e-02
1.738201139999999967e+01 9.139781458596843433e-02
1.745459939999999932e+01 9.956462334312665696e-02
1.752748869999999926e+01 1.072271675324669715e-01
1.760067940000000064e+01 1.127300244049937034e-01
1.767417909999999992e+01 1.141153259856213242e-01
1.774798579999999859e+01 1.132538137934384487e-01
1.782210159999999988e+01 1.140931619972696404e-01
1.789652249999999967e+01 1.149721876588999381e-01
1.797125820000000118e+01 1.150993616122974322e-01
1.804630470000000031e+01 1.154735748453160488e-01
1.812166210000000177e+01 1.158362010949509219e-01
1.819733809999999963e+01 1.148896858518867609e-01
1.827333069999999893e+01 1.104058371387107718e-01
1.834963420000000056e+01 1.012860953622003735e-01
1.842626190000000008e+01 9.336605914721454735e-02
1.850321010000000044e+01 8.781193538305027968e-02
1.858047489999999868e+01 8.450769828536447426e-02
1.865806579999999926e+01 8.408017676335984014e-02
1.873598289999999977e+01 8.855827621385807535e-02
1.881422420000000173e+01 9.838086231253241609e-02
1.889278600000000097e+01 1.112646145838972200e-01
1.897168350000000103e+01 1.236502888891024415e-01
1.905090900000000076e+01 1.337686010117542235e-01
1.913045879999999954e+01 1.402234117643874622e-01
1.921034810000000093e+01 1.423697430429698707e-01
1.929057119999999870e+01 1.416682669775717607e-01
1.937112240000000085e+01 1.405772367481828156e-01
1.945201679999999911e+01 1.393277834550765149e-01
1.953324890000000025e+01 1.378687717843441463e-01
1.961481859999999955e+01 1.355985552054895793e-01
1.969672389999999851e+01 1.316357073112644216e-01
1.977897829999999857e+01 1.260162318831792860e-01
1.986157419999999973e+01 1.203798912557561551e-01
1.994451139999999967e+01 1.146990834010220145e-01
2.002779960000000159e+01 1.094099580293200896e-01
2.011143489999999900e+01 1.021569335276119317e-01
2.019541549999999930e+01 9.547124723743337371e-02
2.027975079999999863e+01 8.965380399874228745e-02
2.036443900000000085e+01 8.464180901596483897e-02
2.044948199999999972e+01 7.929648212367540472e-02
2.053487210000000118e+01 7.475051390252879235e-02
2.062062639999999902e+01 7.140064010940036510e-02
2.070673749999999913e+01 6.730937098396633234e-02
2.079320339999999945e+01 6.347270176279797005e-02
2.088003540000000058e+01 5.973870883605818249e-02
2.096722979999999836e+01 5.739482339247215653e-02
2.105478480000000019e+01 5.714938777112916340e-02
2.114270780000000016e+01 5.867133997542533369e-02
2.123100090000000151e+01 5.860552927590367833e-02
2.131966020000000128e+01 6.003799023251455563e-02
2.140868569999999949e+01 6.504686875966569914e-02
2.149808880000000144e+01 7.078246562474489745e-02
2.158786389999999855e+01 7.486660011249252067e-02
2.167800899999999942e+01 7.793994000434656400e-02
2.176853559999999987e+01 7.906248808959460972e-02
2.185944179999999903e+01 7.964463388179310321e-02
2.195071980000000167e+01 8.002010534948490739e-02
2.204238700000000151e+01 7.869610744420543758e-02
2.213443570000000094e+01 7.399589686711749437e-02
2.222686960000000056e+01 6.694833904222836918e-02
2.231968309999999889e+01 5.814018417378265940e-02
2.241288949999999858e+01 5.002277048043481805e-02
2.250648500000000141e+01 4.343446871721701186e-02
2.260046579999999850e+01 3.984200310509477400e-02
2.269484519999999961e+01 4.135432060235615798e-02
2.278961939999999942e+01 4.446453365937780983e-02
2.288478279999999998e+01 4.437344123662239487e-02
2.298034859999999924e+01 3.999139183873157144e-02
2.307631489999999985e+01 3.410875092229647548e-02
2.317268179999999944e+01 2.973071563551271321e-02
2.326944350000000128e+01 2.763013760968857993e-02
2.336661720000000031e+01 2.873615978157056244e-02
2.346419530000000009e+01 3.238061262079418301e-02
2.356217579999999856e+01 3.542726021032008288e-02
2.366057209999999955e+01 3.625942253797184017e-02
2.375937839999999923e+01 3.501244712599610454e-02
2.385859110000000172e+01 3.339564174127940266e-02
2.395822330000000022e+01 3.299824556175574852e-02
2.405827329999999975e+01 3.567632610948664323e-02
2.415873339999999914e+01 4.147365603464420875e-02
2.425962069999999926e+01 4.704885890035556684e-02
2.436092760000000013e+01 4.777809308808105698e-02
2.446265980000000084e+01 4.355129588354980652e-02
2.456480790000000169e+01 3.840892493288777798e-02
2.466739079999999973e+01 3.478843168377195733e-02
2.477040290000000056e+01 3.190027733032003293e-02
2.487383649999999946e+01 2.886382902021632571e-02
2.497770879999999849e+01 2.607152440462445417e-02
2.508201599999999942e+01 2.449156503793712206e-02
2.518675229999999843e+01 2.438183257404861679e-02
2.529193120000000050e+01 2.471130248219203032e-02
2.539755059999999887e+01 2.492207508301526320e-02
2.550361059999999824e+01 2.518632813494810219e-02
2.561010549999999952e+01 2.589690905480280039e-02
2.571705439999999854e+01 2.739201356925375849e-02
2.582444759999999917e+01 3.017102758758976114e-02
2.593228339999999932e+01 3.420599229594485646e-02
2.604057690000000136e+01 3.894308469552927587e-02
2.614932250000000025e+01 4.405746012552080176e-02
2.625851439999999926e+01 4.985630969354933051e-02
2.636816980000000044e+01 5.576482649741359987e-02
2.647828289999999996e+01 5.849229615816757544e-02
2.658885769999999837e+01 5.656139626934345715e-02
2.669988439999999841e+01 5.300537171427269212e-02
2.681138229999999822e+01 5.028577994681135421e-02
2.692334749999999843e+01 4.821234300790133015e-02
2.703577230000000142e+01 4.641334417509215826e-02
2.714867209999999886e+01 4.495813845301743772e-02
2.726204489999999936e+01 4.530415831430159579e-02
2.737588500000000025e+01 4.832908356636602537e-02
2.749020579999999825e+01 5.463892789859577798e-02
2.760500529999999841e+01 6.265619358320073662e-02
2.772028350000000074e+01 6.876326961949386085e-02
2.783603480000000019e+01 7.135036085681167872e-02
2.795227810000000090e+01 7.157391246809179097e-02
2.806900789999999901e+01 7.070849971443028681e-02
2.818621440000000078e+01 6.896035282581872150e-02
2.830392069999999904e+01 6.710519044284682377e-02
2.842211719999999886e+01 6.427298212303882152e-02
2.854080009999999845e+01 6.139006612544996300e-02
2.865998649999999870e+01 5.795840787899977919e-02
2.877967070000000049e+01 5.326783718422543196e-02
2.889985469999999879e+01 4.800900232221930186e-02
2.902053259999999923e+01 4.368118952401119776e-02
2.914172170000000150e+01 4.119880883327402266e-02
2.926341820000000027e+01 4.164661278504719344e-02
2.938561250000000058e+01 4.232854564528127500e-02
2.950832750000000004e+01 4.139853860817434977e-02
2.963155360000000016e+01 3.903083786781349346e-02
2.975528720000000149e+01 3.660755405441190602e-02
2.987954519999999903e+01 3.431218177045713275e-02
3.000432209999999955e+01 3.245235136896599398e-02
3.012961960000000161e+01 3.056757103033464970e-02
3.025543210000000016e+01 2.844902118490256343e-02
3.038177870000000169e+01 2.639162704832374862e-02
3.050865359999999882e+01 2.478041857665595066e-02
3.063604929999999982e+01 2.385239482541865255e-02
3.076398470000000174e+01 2.263542109226883772e-02
3.089245610000000042e+01 2.120499253903310871e-02
3.102145390000000091e+01 1.889295920930618433e-02
3.115099909999999994e+01 1.673825328813011507e-02
3.128108599999999839e+01 1.526703010563531561e-02
3.141170689999999865e+01 1.447722112868430819e-02
3.154288100000000128e+01 1.414514992704743804e-02
3.167460439999999977e+01 1.413937310182921021e-02
3.180687710000000124e+01 1.383244954248068551e-02
3.193969350000000063e+01 1.302539867416438978e-02
3.207307430000000181e+01 1.217971048892975937e-02
3.220701220000000120e+01 1.152751378054303957e-02
3.234149930000000239e+01 1.084058967864465553e-02
3.247655489999999645e+01 1.042323165376098613e-02
3.261217880000000235e+01 1.039164656567288444e-02
3.274835970000000174e+01 1.019880090906088478e-02
3.288511660000000347e+01 1.059170226590033619e-02
3.302244189999999691e+01 1.163241299048527883e-02
3.316034319999999980e+01 1.257628533924851251e-02
3.329881290000000149e+01 1.328589245454923212e-02
3.343786999999999665e+01 1.339340063419586571e-02
3.357750320000000244e+01 1.402933631623163799e-02
3.371771619999999814e+01 1.556497860003504784e-02
3.385852049999999736e+01 1.740459002275070860e-02
3.399991229999999831e+01 1.859463103993077085e-02
3.414188769999999806e+01 1.864437990309749868e-02
3.428446199999999777e+01 1.777583527308194619e-02
3.442763519999999744e+01 1.640934130632267993e-02
3.457140350000000240e+01 1.431256551035419745e-02
3.471576689999999843e+01 1.250472052011175270e-02
3.486073679999999797e+01 1.139620391559361540e-02
3.500631709999999686e+01 1.083242543166746709e-02
3.515249250000000103e+01 1.104164869428495357e-02
3.529928970000000277e+01 1.214828806966995571e-02
3.544670099999999735e+01 1.443458473081348122e-02
3.559471510000000194e+01 1.780870099255202343e-02
3.574335860000000054e+01 2.185466533662626734e-02
3.589262389999999669e+01 2.571537877987795442e-02
3.604251099999999752e+01 2.858088612104282139e-02
3.619301219999999830e+01 2.967521071451532932e-02
3.634415440000000075e+01 2.953342297717537202e-02
3.649592969999999781e+01 2.928925077283288381e-02
3.664832690000000071e+01 2.777571784781796352e-02
3.680136869999999760e+01 2.570868581564438038e-02
3.695505140000000210e+01 2.334592272728814796e-02
3.710936360000000178e+01 2.083346029783935544e-02
3.726433180000000078e+01 1.789569318514999327e-02
3.741994859999999790e+01 1.538865841679286188e-02
3.757621379999999789e+01 1.304217689923190850e-02
3.773312380000000132e+01 1.104211385812330082e-02
3.789069369999999992e+01 9.849714532004181025e-03
3.804892730000000256e+01 8.890510467739524969e-03
3.820780940000000214e+01 8.241940420484287697e-03
3.836736299999999744e+01 7.848328905936586067e-03
3.852758790000000033e+01 7.358521416350533723e-03
3.868846510000000194e+01 6.951896400294906540e-03
3.885002899999999926e+01 6.424096917981978426e-03
3.901226810000000000e+01 5.752387115781823664e-03
3.917518230000000301e+01 5.373818520737780845e-03
3.933876800000000173e+01 5.523023610158730133e-03
3.950304409999999677e+01 5.762485525852383689e-03
3.966801070000000351e+01 5.684918444451119747e-03
3.983365249999999946e+01 5.767474963796895455e-03
3.999999619999999823e+01 5.853094435492975540e-03
4.229427720000000335e+01 7.129140971725247099e-03
4.472013849999999735e+01 8.683372518912447699e-03
4.728515620000000297e+01 1.057645712172014703e-02
4.999729159999999695e+01 8.415853007632185731e-03
5.286497500000000116e+01 6.681500210418169806e-03
5.589715189999999723e+01 3.465266097288321762e-03
5.910324479999999880e+01 2.776955565818809996e-03
6.249321750000000009e+01 2.285433118573188069e-03
6.607764430000000289e+01 2.047559985792376559e-03
6.986763759999999479e+01 3.131655551180093870e-03
7.387503809999999760e+01 2.163507986266666270e-03
7.811228939999999454e+01 1.630194969908829207e-03
8.259255980000000363e+01 1.389422230907703948e-03
8.732982640000000174e+01 1.007875506689919279e-03
9.233880619999999340e+01 1.157900125716058558e-03
9.763505550000000710e+01 1.208162616827577552e-03
1.032350849999999980e+02 1.080688644267418716e-03
1.091563419999999951e+02 9.666597136678682124e-04
1.154172290000000061e+02 8.646590371300522234e-04
1.220372160000000008e+02 7.734186586481301773e-04
1.290369110000000035e+02 6.918038676666095170e-04
1.364380800000000136e+02 6.187997645302927615e-04
1.442636870000000044e+02 5.534987122700447352e-04
1.525382229999999879e+02 4.950871425850410625e-04
1.612873690000000124e+02 4.428388956159690060e-04
1.705383300000000020e+02 3.961039140771066211e-04
1.803199009999999873e+02 3.543005208896024940e-04
1.906625209999999981e+02 3.169084243159318057e-04
2.015982510000000048e+02 2.834625549220527578e-04
2.131613309999999899e+02 2.535459262643757327e-04
2.253876190000000008e+02 2.267864945304601005e-04
2.383151860000000113e+02 2.028510579071136335e-04
2.519842380000000048e+02 1.814416606590645779e-04
2.664371639999999957e+02 1.622919164273257985e-04
2.817192079999999805e+02 1.451630273730302400e-04
2.978777769999999805e+02 1.298419141821308262e-04
3.149631650000000036e+02 1.161377849014491636e-04
3.330285339999999792e+02 1.038799963227962100e-04
3.521300659999999993e+02 9.291592667206564785e-05
3.723269960000000083e+02 8.310912751702437165e-05
3.936825559999999768e+02 7.433728269477252865e-05
4.162630310000000122e+02 6.649124403934916457e-05
4.401386410000000069e+02 5.947331497852751791e-05
4.653836979999999812e+02 5.319608902947844779e-05
4.920767210000000205e+02 4.758139780249519930e-05
5.203004760000000033e+02 4.255936163378964938e-05
5.501433719999999994e+02 3.806733036936143160e-05
5.816979979999999841e+02 3.404941268555217296e-05
6.150624390000000403e+02 3.045557918836308802e-05
6.503405760000000555e+02 2.724106173351124277e-05
6.876418459999999868e+02 2.436584894065350773e-05
7.270829469999999901e+02 2.179408252293742255e-05
7.687862549999999828e+02 1.949376005767724506e-05
8.128815309999999954e+02 1.743623110188130822e-05
8.595060419999999795e+02 1.559586701991863767e-05
9.088047490000000153e+02 1.394975082186343410e-05
9.609305419999999458e+02 1.247739262486953574e-05
1.016046690000000012e+03 1.116042394315210175e-05
1.074324100000000044e+03 9.982459437736873622e-06
1.135944089999999960e+03 8.928827402669924334e-06
1.201098510000000033e+03 7.986402948110868559e-06
1.269989990000000034e+03 7.143449833668101374e-06
1.342832149999999956e+03 6.389475965184442627e-06
1.419853029999999990e+03 5.715076036976543888e-06
1.501291500000000042e+03 5.111858607463178380e-06
1.587401119999999992e+03 4.572309248804228902e-06
1.678449830000000020e+03 4.089707999025936042e-06
1.774719730000000027e+03 3.658049147912484922e-06
1.876512330000000020e+03 3.271947311494536116e-06
1.984143550000000005e+03 2.926597627315770954e-06
2.097948240000000169e+03 2.617698960636059891e-06
2.218280270000000201e+03 2.341404478476713193e-06
2.345514160000000174e+03 2.094272523957585536e-06
2.480044679999999971e+03 1.873226683608836096e-06
2.622292480000000069e+03 1.675510346485154145e-06
2.772699459999999817e+03 1.498662374528255734e-06
2.931733400000000074e+03 1.340480410849764842e-06
3.099888919999999871e+03 1.198994462185632675e-06
3.277689210000000003e+03 1.072442252275742103e-06
3.465685789999999997e+03 9.592484436635714674e-07
3.664467290000000048e+03 8.580009959811467340e-07
3.874650389999999788e+03 7.674400462777092312e-07
4.096888670000000275e+03 6.864377969118958683e-07
4.331874020000000201e+03 6.139851835493461864e-07
4.580334960000000137e+03 5.491804308914593187e-07
4.843049799999999777e+03 4.912150576093184875e-07
5.120832519999999931e+03 4.393679799248461291e-07
5.414548340000000280e+03 3.929932449120062397e-07
5.725110840000000280e+03 3.515133009430730455e-07
6.053486329999999725e+03 3.144115110126245459e-07
6.400692380000000412e+03 2.812261247501554659e-07
6.767817380000000412e+03 2.515430444541174103e-07
7.155999020000000201e+03 2.249930119724859865e-07
7.566446289999999863e+03 2.012452689885585398e-07
8.000435059999999794e+03 1.800040896798008042e-07
8.459316409999999451e+03 1.610048840826325978e-07
8.944512699999999313e+03 1.440111829135236076e-07
9.457542970000000423e+03 1.288110018215823648e-07
1.000000000000000000e+04 1.152151513840004492e-07
