698   3.0   4.39
4.999999329999999659e-02 8.034332340019114671e-01
5.238078530000000316e-02 7.943979786516001118e-01
5.487493799999999811e-02 7.854734974774367773e-01
5.748785289999999715e-02 7.772577482269272808e-01
6.022516640000000199e-02 1.205478852685442526e+00
6.309283520000000256e-02 1.213258300042932447e+00
6.609705089999999561e-02 1.229457240240672489e+00
6.924431770000000208e-02 1.239022581077064977e+00
7.254143799999999975e-02 1.246592146551251945e+00
7.599553470000000588e-02 1.254022183675907121e+00
7.961412519999999660e-02 1.260863292337420116e+00
8.340501790000000304e-02 1.267313604088010415e+00
8.737641570000000135e-02 1.273966177150245960e+00
9.153690929999999670e-02 1.280816462573902692e+00
9.589551390000000675e-02 1.286846915169846284e+00
1.004616390000000054e-01 1.293474478753947388e+00
1.052452029999999955e-01 1.299918227761201583e+00
1.102565229999999952e-01 1.306775419982819653e+00
1.155064779999999958e-01 1.315435032227041168e+00
1.210064069999999964e-01 1.326163918381761286e+00
1.267682159999999891e-01 1.316437867982145571e+00
1.328043790000000002e-01 1.310699461719547099e+00
1.391279699999999897e-01 1.306054269263836831e+00
1.457526389999999894e-01 1.304039117286142746e+00
1.526927650000000081e-01 1.309669022287479168e+00
1.599633540000000020e-01 1.320872895795647040e+00
1.675801130000000028e-01 1.333005695875028929e+00
1.755595799999999929e-01 1.348863344585927271e+00
1.839189830000000081e-01 1.363090964856120246e+00
1.926764099999999924e-01 1.352613078472333141e+00
2.018508460000000004e-01 1.308583250995778213e+00
2.114621399999999929e-01 9.483822448775001135e-01
2.215310480000000082e-01 3.189485783063667479e-01
2.320794310000000027e-01 9.298542955780502811e-06
2.431300730000000021e-01 0.000000000000000000e+00
2.547068889999999919e-01 0.000000000000000000e+00
2.668349440000000183e-01 1.973054399590834854e-02
2.795405089999999926e-01 7.650794219891669801e-02
2.928510009999999997e-01 1.171891276072059979e-01
3.067953589999999897e-01 1.556806364827250933e-01
3.214036230000000272e-01 1.840101085770704525e-01
3.367075319999999761e-01 2.107229510283190055e-01
3.527401090000000239e-01 2.335942706870220986e-01
3.695360719999999932e-01 2.495480564322999917e-01
3.871318400000000048e-01 2.651614800308855768e-01
4.055654109999999868e-01 2.772575238064763359e-01
4.248766900000000013e-01 2.852966585636325658e-01
4.451075489999999912e-01 2.939290707123006219e-01
4.663016500000000120e-01 3.013731768952747636e-01
4.885049459999999955e-01 3.067462591736671573e-01
5.117654799999999948e-01 3.091311734181114712e-01
5.361335870000000225e-01 3.142051367569561049e-01
5.616619590000000439e-01 3.094577643031637404e-01
5.884059670000000297e-01 3.148183030710124952e-01
6.164233679999999715e-01 3.143238301880955654e-01
6.457748410000000439e-01 3.136834967254830131e-01
6.765238639999999748e-01 3.094702778635382567e-01
7.087370750000000497e-01 3.041434352131374697e-01
7.424841519999999528e-01 3.072598815369126934e-01
7.778380510000000303e-01 3.077821232768697679e-01
8.148754240000000149e-01 3.030215252077987920e-01
8.536763189999999613e-01 2.978051476443434598e-01
8.943247199999999619e-01 2.929770175215299921e-01
9.369087219999999716e-01 2.903654596950274724e-01
9.815202950000000426e-01 2.896318254796546587e-01
1.028256180000000075e+00 2.865471506036113558e-01
1.077217340000000023e+00 2.818191004733699434e-01
1.128509879999999965e+00 2.801364378036789171e-01
1.182244660000000058e+00 2.685219200631707159e-01
1.238538149999999893e+00 2.668451426478193889e-01
1.297512049999999917e+00 2.609184046291435077e-01
1.359294060000000082e+00 2.563086377838012520e-01
1.424017910000000109e+00 2.490638932111169934e-01
1.491823670000000046e+00 2.405149237508349969e-01
1.562857869999999982e+00 2.304719392148501522e-01
1.637274619999999903e+00 1.936415198755297440e-01
1.715234640000000033e+00 1.495261619052318247e-01
1.796906829999999955e+00 1.093978708680989065e-01
1.882467869999999932e+00 7.003137421095789739e-02
1.972102999999999939e+00 1.741676165639842108e-02
2.066006180000000025e+00 1.161874728906942423e-03
2.164380550000000181e+00 1.775653918308619118e-03
2.267439130000000080e+00 3.373107911385649429e-03
2.375405069999999785e+00 1.859201507786098322e-03
2.488511799999999941e+00 2.257475174285239559e-03
2.607004170000000176e+00 2.748969329509761902e-03
2.731138710000000192e+00 3.441226988846447354e-03
2.861183880000000013e+00 3.172935098477928061e-03
2.997421259999999865e+00 3.239322915993831341e-03
3.140145780000000109e+00 3.822487359003947510e-03
3.289666180000000217e+00 4.087753197562644589e-03
3.446306229999999804e+00 4.970637361160244044e-03
3.610404490000000077e+00 5.408382518069916600e-03
3.782316680000000098e+00 5.818899736475342289e-03
3.962414739999999824e+00 6.306375510451340399e-03
4.151087760000000237e+00 6.883478867747882396e-03
4.348745349999999732e+00 7.707769809980825199e-03
4.555814269999999944e+00 8.591564159695978115e-03
4.772742270000000175e+00 9.246803636410375407e-03
5.000000000000000000e+00 6.657872041883013126e-03
5.020879270000000005e+00 6.726608497345678769e-03
5.041846750000000377e+00 6.796639242316898470e-03
5.062900540000000227e+00 6.867071902200863262e-03
5.084043499999999938e+00 6.938426539448920571e-03
5.105273719999999571e+00 7.011085739179804405e-03
5.126592640000000145e+00 7.084400115351016311e-03
5.148001189999999561e+00 7.159138649360788885e-03
5.169498439999999917e+00 7.234786892145506770e-03
5.191086290000000325e+00 7.311788089560201757e-03
5.212763309999999706e+00 7.389746510505499841e-03
5.234531399999999834e+00 7.469468489369849272e-03
5.256390569999999762e+00 7.549781100677946215e-03
5.278340339999999742e+00 7.631867540389450713e-03
5.300382609999999772e+00 7.714945621621458263e-03
5.322516440000000237e+00 7.799306337559209525e-03
5.344742769999999865e+00 7.884942305679112917e-03
5.367062090000000119e+00 7.971737334297320302e-03
5.389474390000000170e+00 8.059975582566311636e-03
5.411980630000000403e+00 8.149874159196750928e-03
5.434580330000000181e+00 8.240619975629137617e-03
5.457274439999999949e+00 8.332519710912420982e-03
5.480063920000000088e+00 8.425639190774292589e-03
5.502947810000000217e+00 8.520484678979112561e-03
5.525928020000000274e+00 8.616519411206323767e-03
5.549003599999999814e+00 8.713960536951947944e-03
5.572175500000000170e+00 8.812763937872601996e-03
5.595444679999999948e+00 8.913246288020421418e-03
5.618810650000000351e+00 9.014638519787036494e-03
5.642274859999999670e+00 9.118093371876766218e-03
5.665836330000000309e+00 9.222606325475462066e-03
5.689496039999999866e+00 9.328992853694264079e-03
5.713254929999999732e+00 9.437432061882531156e-03
5.737112999999999907e+00 9.547058228928560764e-03
5.761070250000000392e+00 9.658660344613063248e-03
5.785128590000000237e+00 9.772170820219873086e-03
5.809286120000000331e+00 9.887705339350271946e-03
5.833545680000000289e+00 1.000469852060313636e-02
5.857905859999999798e+00 1.012464340210770045e-02
5.882367610000000191e+00 1.024582003536006654e-02
5.906932349999999943e+00 1.036933084675141677e-02
5.931599140000000325e+00 1.049504314203961002e-02
5.956369399999999814e+00 1.062286866364604149e-02
5.981242179999999742e+00 1.075345703212553759e-02
6.006218910000000299e+00 1.088600243676911099e-02
6.031301019999999902e+00 1.102134498997624050e-02
6.056487080000000134e+00 1.115876753340241771e-02
6.081778530000000238e+00 1.129852680570898014e-02
6.107175350000000336e+00 1.144110702867883779e-02
6.132678030000000113e+00 1.158635093377583490e-02
6.158287999999999762e+00 1.173406663794127926e-02
6.184004309999999727e+00 1.188467045011496262e-02
6.209828850000000067e+00 1.203785869168566385e-02
6.235760209999999581e+00 1.219377684706845523e-02
6.261799810000000299e+00 1.235264614302718569e-02
6.287949089999999686e+00 1.251426250667859834e-02
6.314206600000000336e+00 1.267893644294547720e-02
6.340574740000000098e+00 1.284647806832098574e-02
6.367052079999999670e+00 1.301715608259502999e-02
6.393639560000000444e+00 1.319079282487385478e-02
6.420339580000000268e+00 1.336804319593385033e-02
6.447150230000000093e+00 1.354789527610212804e-02
6.474073409999999917e+00 1.373151978909416607e-02
6.501108170000000186e+00 1.391858058351844868e-02
6.528255940000000201e+00 1.410877096438080576e-02
6.555517670000000408e+00 1.430300293208824902e-02
6.582892890000000108e+00 1.450089760099590452e-02
6.610383030000000382e+00 1.470269228114640635e-02
6.637986660000000150e+00 1.490816047090037441e-02
6.665706160000000047e+00 1.511752242134869334e-02
6.693541999999999881e+00 1.533143991731409153e-02
6.721493240000000036e+00 1.554920355991009154e-02
6.749562260000000258e+00 1.577200160832771536e-02
6.777747630000000356e+00 1.599925321101505066e-02
6.806050299999999886e+00 1.623137066461372707e-02
6.834472660000000310e+00 1.646842311548668905e-02
6.863012310000000227e+00 1.671076818839012726e-02
6.891672129999999896e+00 1.695863120891602169e-02
6.920450690000000016e+00 1.721190662551753264e-02
6.949349400000000010e+00 1.747131717286894495e-02
6.978370189999999695e+00 1.773632517329462935e-02
7.007510660000000335e+00 1.800749182588683509e-02
7.036774160000000222e+00 1.828541696156572513e-02
7.066158770000000366e+00 1.856987785085133583e-02
7.095665930000000010e+00 1.886154792435948066e-02
7.125297549999999980e+00 1.916044407769228880e-02
7.155051710000000398e+00 1.946672596282263829e-02
7.184930800000000062e+00 1.978096430563308986e-02
7.214934350000000052e+00 2.010334742963746507e-02
7.245062830000000176e+00 2.043415444707194148e-02
7.275318150000000372e+00 2.077336092290942016e-02
7.305698869999999623e+00 2.112186034566641141e-02
7.336207390000000217e+00 2.147970480909792285e-02
7.366842270000000248e+00 2.184734924212439200e-02
7.397605419999999654e+00 2.222526116537752033e-02
7.428497789999999767e+00 2.261325720716111931e-02
7.459517960000000336e+00 2.301270693632232259e-02
7.490667819999999644e+00 2.342339311447164119e-02
7.521948809999999597e+00 2.384587927333225998e-02
7.553359509999999943e+00 2.428060938400496832e-02
7.584902289999999603e+00 2.472845254603430604e-02
7.616575720000000160e+00 2.518962436958843351e-02
7.648381230000000031e+00 2.566444195557360947e-02
7.680321219999999727e+00 2.615410496053273762e-02
7.712392809999999876e+00 2.665926403064219560e-02
7.744599820000000356e+00 2.718002388045890477e-02
7.776940350000000279e+00 2.771767688261440182e-02
7.809415819999999897e+00 2.827272113030972547e-02
7.842027660000000289e+00 2.884629428121263800e-02
7.874774930000000062e+00 2.943915783802783515e-02
7.907660009999999851e+00 3.005251082253299066e-02
7.940680979999999778e+00 3.068719159336668473e-02
7.973840240000000357e+00 3.134414044474619770e-02
8.007139210000000062e+00 3.202516725934891756e-02
8.040575979999999845e+00 3.273121763431107584e-02
8.074152950000000217e+00 3.346370402307667635e-02
8.107870099999999525e+00 3.422421978717392343e-02
8.141726489999999927e+00 3.501453119575455991e-02
8.175726889999999969e+00 3.583622086510674515e-02
8.209867479999999773e+00 3.669128819508022527e-02
8.244152070000000165e+00 3.758194506634834203e-02
8.278577800000000764e+00 3.851015916142068451e-02
8.313148500000000496e+00 3.947859601389271805e-02
8.347864149999999483e+00 4.048984730649273639e-02
8.382723809999999887e+00 4.154626711593521066e-02
8.417729380000000816e+00 4.265164783985341684e-02
8.452880860000000496e+00 4.380952433413561747e-02
8.488179210000000197e+00 4.502309899513248087e-02
8.523625369999999535e+00 4.629635159754221657e-02
8.559219360000000165e+00 4.763366191240019087e-02
8.594962119999999928e+00 4.904003032929955819e-02
8.630853650000000599e+00 5.052026086395940835e-02
8.666894909999999896e+00 5.208009428430768195e-02
8.703087809999999536e+00 5.372598214798217364e-02
8.739430430000000527e+00 5.546659908735008387e-02
8.775926589999999194e+00 5.730857535734962260e-02
8.812573430000000485e+00 5.925989540945447720e-02
8.849373820000000279e+00 6.133057164640093317e-02
8.886328699999999969e+00 6.353279638097576731e-02
8.923436159999999617e+00 6.587716533662404950e-02
8.960700989999999422e+00 6.837754152901505400e-02
8.998119349999999628e+00 7.105377453575933977e-02
9.035694120000000495e+00 7.391970128770682102e-02
9.073427199999999360e+00 7.699694735044186611e-02
9.111316679999999835e+00 8.031064482379492164e-02
9.149365429999999577e+00 8.388492947871695193e-02
9.187571529999999598e+00 8.775960949051356264e-02
9.225937840000000278e+00 9.196755873345899279e-02
9.264465330000000165e+00 9.656072013518117447e-02
9.303152080000000268e+00 1.015862014251645018e-01
9.342001910000000464e+00 1.071189172732609773e-01
9.381012919999999866e+00 1.132304280086757903e-01
9.420187000000000310e+00 1.200449060477978142e-01
9.459526059999999958e+00 1.276743018751688996e-01
9.499027249999999256e+00 1.362967092681585946e-01
9.538695340000000300e+00 1.461261210400532362e-01
9.578527449999999277e+00 1.574425330850334481e-01
9.618525509999999556e+00 1.707163089930432698e-01
9.658693310000000309e+00 1.864845080604024541e-01
9.699026110000000145e+00 2.055994680044899992e-01
9.739527700000000010e+00 2.295551164546014988e-01
9.780200000000000671e+00 2.607176284780178266e-01
9.821041109999999463e+00 3.037319251555296029e-01
9.862053870000000444e+00 3.684295649328508393e-01
9.903236390000000000e+00 4.709227528732006229e-01
9.944590570000000795e+00 6.054898694048128638e-01
9.986119269999999659e+00 7.406453496065086295e-01
1.002781960000000083e+01 8.638610419986935129e-01
1.006969549999999991e+01 9.755758286788213107e-01
1.011174680000000059e+01 1.070951008258550274e+00
1.015397070000000035e+01 1.149064983914854121e+00
1.019637389999999932e+01 1.213668789597106779e+00
1.023895360000000032e+01 1.261141191240687576e+00
1.028170869999999937e+01 1.298702699719359366e+00
1.032464500000000029e+01 1.369550473686353298e+00
1.036776069999999983e+01 1.464188109283303341e+00
1.041105370000000008e+01 1.570765126083470520e+00
1.045452979999999954e+01 1.717429544592530721e+00
1.049818800000000074e+01 1.951100426663627818e+00
1.054202839999999952e+01 2.211538249957396118e+00
1.058604910000000032e+01 2.415536664262003974e+00
1.063025670000000034e+01 2.438575412771717410e+00
1.067464829999999942e+01 2.179696454278881479e+00
1.071922299999999950e+01 1.939557500437944171e+00
1.076398559999999982e+01 1.898614525039420631e+00
1.080893610000000038e+01 2.002437430890463776e+00
1.085407159999999926e+01 2.106943229152073549e+00
1.089939790000000031e+01 2.195015470375277111e+00
1.094491389999999953e+01 2.282286214057875462e+00
1.099061679999999974e+01 2.374891886621921966e+00
1.103651329999999930e+01 2.462960336098784619e+00
1.108260150000000088e+01 2.543723470776901419e+00
1.112888240000000017e+01 2.613364194185040734e+00
1.117535400000000045e+01 2.662659143551123542e+00
1.122202210000000022e+01 2.674830119691478103e+00
1.126888560000000084e+01 2.659133429067764620e+00
1.131594089999999930e+01 2.660847622615180263e+00
1.136319639999999964e+01 2.679727387070931943e+00
1.141064929999999933e+01 2.684930441361605524e+00
1.145829679999999939e+01 2.660809967872044712e+00
1.150614640000000044e+01 2.630894082508761667e+00
1.155419640000000037e+01 2.603070913335041148e+00
1.160244660000000039e+01 2.561279133245654371e+00
1.165089509999999962e+01 2.498117980976695574e+00
1.169954869999999936e+01 2.402265581397228456e+00
1.174840640000000036e+01 2.241747872449026069e+00
1.179746440000000085e+01 1.999961241644558907e+00
1.184673019999999966e+01 1.739579146679201216e+00
1.189620210000000000e+01 1.571999362902585018e+00
1.194587710000000058e+01 1.603453943619609134e+00
1.199576380000000064e+01 1.976313507178860229e+00
1.204585739999999916e+01 2.337037771446480061e+00
1.209616089999999922e+01 2.102811802896930260e+00
1.214667129999999950e+01 1.566956441554133939e+00
1.219739530000000016e+01 1.084712089079193698e+00
1.224833199999999955e+01 7.992132942981193811e-01
1.229947759999999946e+01 6.330963182214204288e-01
1.235084059999999972e+01 5.281757289953253887e-01
1.240241720000000036e+01 4.541283812915097307e-01
1.245420649999999974e+01 3.992227076636841177e-01
1.250621510000000036e+01 3.563835476632140065e-01
1.255844120000000075e+01 3.217115624593366863e-01
1.261088469999999973e+01 2.931100854450470750e-01
1.266354469999999921e+01 2.689907784364392596e-01
1.271642680000000070e+01 2.484495487167327488e-01
1.276953119999999942e+01 2.306608796283759755e-01
1.282285309999999967e+01 2.151822455855111338e-01
1.287640090000000015e+01 2.016355019189592368e-01
1.293017290000000052e+01 1.896487491099845546e-01
1.298416609999999949e+01 1.790494215620951624e-01
1.303838730000000012e+01 1.695987066145937527e-01
1.309283540000000023e+01 1.611809400080122801e-01
1.314751150000000024e+01 1.536433086064427911e-01
1.320241170000000075e+01 1.468721180358663059e-01
1.325754449999999984e+01 1.408006236122788246e-01
1.331290820000000075e+01 1.353251860790771477e-01
1.336849980000000038e+01 1.304091814474998279e-01
1.342432589999999948e+01 1.259784305304480767e-01
1.348038580000000053e+01 1.219960873387024997e-01
1.353667639999999928e+01 1.184143702857552438e-01
1.359320549999999983e+01 1.151974947219561729e-01
1.364997100000000074e+01 1.123214353839207952e-01
1.370697310000000080e+01 1.097497547049566813e-01
1.376420970000000032e+01 1.074715784520064860e-01
1.382168869999999927e+01 1.054544316146915350e-01
1.387940790000000035e+01 1.036930494293990257e-01
1.393736460000000044e+01 1.021623875052179442e-01
1.399556639999999952e+01 1.008581584299298173e-01
1.405401230000000012e+01 9.976373527846828237e-02
1.411269760000000062e+01 9.887379492367222300e-02
1.417163279999999936e+01 9.817959128500310106e-02
1.423081299999999949e+01 9.767521365421824586e-02
1.429023650000000067e+01 9.735875819144930443e-02
1.434991259999999968e+01 9.722347097284336770e-02
1.440983770000000064e+01 9.727315968749647435e-02
1.447001359999999970e+01 9.750272963145639737e-02
1.453043650000000042e+01 9.792099703751454276e-02
1.459111500000000028e+01 9.852117773487888142e-02
1.465204810000000002e+01 9.931739927609624374e-02
1.471323010000000053e+01 1.003050943099271924e-01
1.477467249999999943e+01 1.015023274815037291e-01
1.483637140000000088e+01 1.029070139736419642e-01
1.489832400000000057e+01 1.045506357033006845e-01
1.496053979999999939e+01 1.064272677665042549e-01
1.502301499999999912e+01 1.085674145517048911e-01
1.508575060000000079e+01 1.109758574482129223e-01
1.514874460000000056e+01 1.136997888939755286e-01
1.521200559999999946e+01 1.167490048345473930e-01
1.527553080000000030e+01 1.201699031233059295e-01
1.533931729999999938e+01 1.239795051746267612e-01
1.540337470000000053e+01 1.282657574462023609e-01
1.546769910000000081e+01 1.330501113236004784e-01
1.553228760000000008e+01 1.384200368070260534e-01
1.559715079999999965e+01 1.444400875016815244e-01
1.566228390000000026e+01 1.512591263265068986e-01
1.572768970000000088e+01 1.589364699548075355e-01
1.579336359999999928e+01 1.676916556233682687e-01
1.585931680000000021e+01 1.776924887475580805e-01
1.592554570000000069e+01 1.891882594503224158e-01
1.599204639999999955e+01 2.025530277191276429e-01
1.605882839999999945e+01 2.182005869082398464e-01
1.612589069999999936e+01 2.366866950196140074e-01
1.619322779999999895e+01 2.589792790396526767e-01
1.626085090000000122e+01 2.859651218248832616e-01
1.632875629999999845e+01 3.197303651775797451e-01
1.639694400000000130e+01 3.620316464025115089e-01
1.646541399999999911e+01 4.159092925962853404e-01
1.653417400000000015e+01 4.830730971013023067e-01
1.660322000000000031e+01 5.623539247002037333e-01
1.667255019999999988e+01 6.490136084623940871e-01
1.674217409999999973e+01 7.362103820560543799e-01
1.681208990000000014e+01 8.194263836923177946e-01
1.688229180000000085e+01 8.946223107577856437e-01
1.695279310000000095e+01 9.597514834026682484e-01
1.702358819999999895e+01 1.013957925479905597e+00
1.709467890000000168e+01 1.057841643959469558e+00
1.716606140000000025e+01 1.093930747933635317e+00
1.723774530000000027e+01 1.127112114673455290e+00
1.730973050000000057e+01 1.162271070927717975e+00
1.738201139999999967e+01 1.198043268708477438e+00
1.745459939999999932e+01 1.230052076712171871e+00
1.752748869999999926e+01 1.253692401155382274e+00
1.760067940000000064e+01 1.267966703036074838e+00
1.767417909999999992e+01 1.275498246065660313e+00
1.774798579999999859e+01 1.279422018374278602e+00
1.782210159999999988e+01 1.278807702720029305e+00
1.789652249999999967e+01 1.271160816328775756e+00
1.797125820000000118e+01 1.255260378398472154e+00
1.804630470000000031e+01 1.231816634953725842e+00
1.812166210000000177e+01 1.200564925043075881e+00
1.819733809999999963e+01 1.159844124835513135e+00
1.827333069999999893e+01 1.112520170927321805e+00
1.834963420000000056e+01 1.059363955495090881e+00
1.842626190000000008e+01 1.008281335752222896e+00
1.850321010000000044e+01 9.661249792243030710e-01
1.858047489999999868e+01 9.410666157448868141e-01
1.865806579999999926e+01 9.383410562992583470e-01
1.873598289999999977e+01 9.675298999444090775e-01
1.881422420000000173e+01 1.023511969781359499e+00
1.889278600000000097e+01 1.102547835956290356e+00
1.897168350000000103e+01 1.197450689977730409e+00
1.905090900000000076e+01 1.301655812995410111e+00
1.913045879999999954e+01 1.412991328413871317e+00
1.921034810000000093e+01 1.524103825472298723e+00
1.929057119999999870e+01 1.630864719198120927e+00
1.937112240000000085e+01 1.730393185004069467e+00
1.945201679999999911e+01 1.821784223516854206e+00
1.953324890000000025e+01 1.905778456466197257e+00
1.961481859999999955e+01 1.978603088115096442e+00
1.969672389999999851e+01 2.020100471087312055e+00
1.977897829999999857e+01 2.065959945836720379e+00
1.986157419999999973e+01 2.094643020475243311e+00
1.994451139999999967e+01 2.099662688422503809e+00
2.002779960000000159e+01 2.077357461057751209e+00
2.011143489999999900e+01 2.027026166808890473e+00
2.019541549999999930e+01 1.958104874328153500e+00
2.027975079999999863e+01 1.891154520606423306e+00
2.036443900000000085e+01 1.846225472209171548e+00
2.044948199999999972e+01 1.831719227781624326e+00
2.053487210000000118e+01 1.841516532844008847e+00
2.062062639999999902e+01 1.872514240912297234e+00
2.070673749999999913e+01 1.918116115865707849e+00
2.079320339999999945e+01 1.974413258287614603e+00
2.088003540000000058e+01 2.038309922822173714e+00
2.096722979999999836e+01 2.098761216768570748e+00
2.105478480000000019e+01 2.144752260647654563e+00
2.114270780000000016e+01 2.164919960548785660e+00
2.123100090000000151e+01 2.155371708301176081e+00
2.131966020000000128e+01 2.114016183267094728e+00
2.140868569999999949e+01 2.034726294014223669e+00
2.149808880000000144e+01 1.922774855082746592e+00
2.158786389999999855e+01 1.774641717273694130e+00
2.167800899999999942e+01 1.601896258190425693e+00
2.176853559999999987e+01 1.417533580093836010e+00
2.185944179999999903e+01 1.246035476268461339e+00
2.195071980000000167e+01 1.102639484750921550e+00
2.204238700000000151e+01 9.937678166430800042e-01
2.213443570000000094e+01 9.226019105622293992e-01
2.222686960000000056e+01 8.753790543097013099e-01
2.231968309999999889e+01 8.340669246386630542e-01
2.241288949999999858e+01 7.815846865727070769e-01
2.250648500000000141e+01 7.151996187135383209e-01
2.260046579999999850e+01 6.419685234531962159e-01
2.269484519999999961e+01 5.716932371119890499e-01
2.278961939999999942e+01 5.101831627532614766e-01
2.288478279999999998e+01 4.586060970066793696e-01
2.298034859999999924e+01 4.180824706070785934e-01
2.307631489999999985e+01 3.855655356872045858e-01
2.317268179999999944e+01 3.592295908492526002e-01
2.326944350000000128e+01 3.384731113598937191e-01
2.336661720000000031e+01 3.218988300294734484e-01
2.346419530000000009e+01 3.087622817682715848e-01
2.356217579999999856e+01 2.986460687283955528e-01
2.366057209999999955e+01 2.910084280197481887e-01
2.375937839999999923e+01 2.854230316771875775e-01
2.385859110000000172e+01 2.819227050401171830e-01
2.395822330000000022e+01 2.803647964732093878e-01
2.405827329999999975e+01 2.804857602840028497e-01
2.415873339999999914e+01 2.823396323450906853e-01
2.425962069999999926e+01 2.861896504877550762e-01
2.436092760000000013e+01 2.919118972983032467e-01
2.446265980000000084e+01 2.996448905042352062e-01
2.456480790000000169e+01 3.098442550159155040e-01
2.466739079999999973e+01 3.228266671708878710e-01
2.477040290000000056e+01 3.388419981532030389e-01
2.487383649999999946e+01 3.586612169610118861e-01
2.497770879999999849e+01 3.834745494527687093e-01
2.508201599999999942e+01 4.137659273247422664e-01
2.518675229999999843e+01 4.510217702799557138e-01
2.529193120000000050e+01 4.979583158369877971e-01
2.539755059999999887e+01 5.549221217809914286e-01
2.550361059999999824e+01 6.234784575538671048e-01
2.561010549999999952e+01 7.051712779295292721e-01
2.571705439999999854e+01 7.958784269896292951e-01
2.582444759999999917e+01 8.925098992726017144e-01
2.593228339999999932e+01 9.909196789801675287e-01
2.604057690000000136e+01 1.086481138382721756e+00
2.614932250000000025e+01 1.176030532123530481e+00
2.625851439999999926e+01 1.258276408146007830e+00
2.636816980000000044e+01 1.331748585012820341e+00
2.647828289999999996e+01 1.395607538647336554e+00
2.658885769999999837e+01 1.449505901292439614e+00
2.669988439999999841e+01 1.489651297273577812e+00
2.681138229999999822e+01 1.517483548374636948e+00
2.692334749999999843e+01 1.532543938704293174e+00
2.703577230000000142e+01 1.538433788834325799e+00
2.714867209999999886e+01 1.539466165144680376e+00
2.726204489999999936e+01 1.540581006060464109e+00
2.737588500000000025e+01 1.542209069670729349e+00
2.749020579999999825e+01 1.542518462883436081e+00
2.760500529999999841e+01 1.536866411661723220e+00
2.772028350000000074e+01 1.522436431698771520e+00
2.783603480000000019e+01 1.501401843852110840e+00
2.795227810000000090e+01 1.474960883829711689e+00
2.806900789999999901e+01 1.446714194759024297e+00
2.818621440000000078e+01 1.420711803614337798e+00
2.830392069999999904e+01 1.399796226398045240e+00
2.842211719999999886e+01 1.390355451910615603e+00
2.854080009999999845e+01 1.397731589341162595e+00
2.865998649999999870e+01 1.421793104448447309e+00
2.877967070000000049e+01 1.471073548683754950e+00
2.889985469999999879e+01 1.540953942466097626e+00
2.902053259999999923e+01 1.629922343218894509e+00
2.914172170000000150e+01 1.730375326415559245e+00
2.926341820000000027e+01 1.841800796481350977e+00
2.938561250000000058e+01 1.959080996322782653e+00
2.950832750000000004e+01 2.078068746306719561e+00
2.963155360000000016e+01 2.194274988112693503e+00
2.975528720000000149e+01 2.301858687136860482e+00
2.987954519999999903e+01 2.393758624067629626e+00
3.000432209999999955e+01 2.469934646059704697e+00
3.012961960000000161e+01 2.528977852052175290e+00
3.025543210000000016e+01 2.568789693644529581e+00
3.038177870000000169e+01 2.593856448277897631e+00
3.050865359999999882e+01 2.605954193319953482e+00
3.063604929999999982e+01 2.609306016113285054e+00
3.076398470000000174e+01 2.611050586020950082e+00
3.089245610000000042e+01 2.616745189379101610e+00
3.102145390000000091e+01 2.627343893432016575e+00
3.115099909999999994e+01 2.644907139911523597e+00
3.128108599999999839e+01 2.672333813686990300e+00
3.141170689999999865e+01 2.706371857228097699e+00
3.154288100000000128e+01 2.744225855636247324e+00
3.167460439999999977e+01 2.782047355728375138e+00
3.180687710000000124e+01 2.816217574163702331e+00
3.193969350000000063e+01 2.844787221748374950e+00
3.207307430000000181e+01 2.867770846374255722e+00
3.220701220000000120e+01 2.887559583329356805e+00
3.234149930000000239e+01 2.905952723792078363e+00
3.247655489999999645e+01 2.921875121661225982e+00
3.261217880000000235e+01 2.933960880378420288e+00
3.274835970000000174e+01 2.941817452509282838e+00
3.288511660000000347e+01 2.944122331313322682e+00
3.302244189999999691e+01 2.935235949429211733e+00
3.316034319999999980e+01 2.915038133222739525e+00
3.329881290000000149e+01 2.883498455807145255e+00
3.343786999999999665e+01 2.841129741068837866e+00
3.357750320000000244e+01 2.790700667585888528e+00
3.371771619999999814e+01 2.737922136003398510e+00
3.385852049999999736e+01 2.686623213657110210e+00
3.399991229999999831e+01 2.637890262611858549e+00
3.414188769999999806e+01 2.590420491373557788e+00
3.428446199999999777e+01 2.540841375373416255e+00
3.442763519999999744e+01 2.485909803592216250e+00
3.457140350000000240e+01 2.423936429028633377e+00
3.471576689999999843e+01 2.354366418862581689e+00
3.486073679999999797e+01 2.277292323026298693e+00
3.500631709999999686e+01 2.194341871454581927e+00
3.515249250000000103e+01 2.108014842036783243e+00
3.529928970000000277e+01 2.020500983133853623e+00
3.544670099999999735e+01 1.933463038301319603e+00
3.559471510000000194e+01 1.847634648822077397e+00
3.574335860000000054e+01 1.763071715494765490e+00
3.589262389999999669e+01 1.680278882838779131e+00
3.604251099999999752e+01 1.599963354911493552e+00
3.619301219999999830e+01 1.522181180736325024e+00
3.634415440000000075e+01 1.427728390117173563e+00
3.649592969999999781e+01 1.353292127975979975e+00
3.664832690000000071e+01 1.282263342722327337e+00
3.680136869999999760e+01 1.213198717806571292e+00
3.695505140000000210e+01 1.145377299241343350e+00
3.710936360000000178e+01 1.079497375070100018e+00
3.726433180000000078e+01 1.015303428544976905e+00
3.741994859999999790e+01 9.533052122712308840e-01
3.757621379999999789e+01 8.953999296171243349e-01
3.773312380000000132e+01 8.446831598557633658e-01
3.789069369999999992e+01 8.069110997761586024e-01
3.804892730000000256e+01 7.821885891095167187e-01
3.820780940000000214e+01 7.746452220065843663e-01
3.836736299999999744e+01 7.886425749845101807e-01
3.852758790000000033e+01 8.290574911692198956e-01
3.868846510000000194e+01 8.959207143998250134e-01
3.885002899999999926e+01 9.652969365603177865e-01
3.901226810000000000e+01 1.006474430775762929e+00
3.917518230000000301e+01 1.009853719063255273e+00
3.933876800000000173e+01 9.847396090152363834e-01
3.950304409999999677e+01 9.380053419402725190e-01
3.966801070000000351e+01 8.811898282344444722e-01
3.983365249999999946e+01 8.168556747129699369e-01
3.999999619999999823e+01 7.483902475237976804e-01
4.229427720000000335e+01 2.319135575044509734e-01
4.472013849999999735e+01 7.186654669507504256e-02
4.728515620000000297e+01 2.227020158079552614e-02
4.999729159999999695e+01 5.550084180368869413e-01
5.286497500000000116e+01 3.404219241035290611e-01
5.589715189999999723e+01 4.977688811245495337e-01
5.910324479999999880e+01 1.879538002343419112e-01
6.249321750000000009e+01 3.882030763656978828e-02
6.607764430000000289e+01 2.100159930439575787e-02
6.986763759999999479e+01 1.440300166313491018e-02
7.387503809999999760e+01 1.084716524632142916e-02
7.811228939999999454e+01 8.563950335747295278e-03
8.259255980000000363e+01 6.961072794043326323e-03
8.732982640000000174e+01 5.768831590814200820e-03
9.233880619999999340e+01 4.846374335555747766e-03
9.763505550000000710e+01 4.113756259633584260e-03
1.032350849999999980e+02 3.519854284347879655e-03
1.091563419999999951e+02 3.031338996167691046e-03
1.154172290000000061e+02 2.624222274120627078e-03
1.220372160000000008e+02 2.281522950325323446e-03
1.290369110000000035e+02 1.991080515093185226e-03
1.364380800000000136e+02 1.742911521902885908e-03
1.442636870000000044e+02 1.529720952573792019e-03
1.525382229999999879e+02 1.345639069897712654e-03
1.612873690000000124e+02 1.185952654860126295e-03
1.705383300000000020e+02 1.047205252450089967e-03
1.803199009999999873e+02 9.259669001723736708e-04
1.906625209999999981e+02 8.198727054014988500e-04
2.015982510000000048e+02 7.267330748050330677e-04
2.131613309999999899e+02 6.447995615050316435e-04
2.253876190000000008e+02 5.726900477436484924e-04
2.383151860000000113e+02 5.089544960223549644e-04
2.519842380000000048e+02 4.527344733136578450e-04
2.664371639999999957e+02 4.029374480110392044e-04
2.817192079999999805e+02 3.588092854899151553e-04
2.978777769999999805e+02 3.196585468510944176e-04
3.149631650000000036e+02 2.848974332621840438e-04
3.330285339999999792e+02 2.539770159298155292e-04
3.521300659999999993e+02 2.265893930951057777e-04
3.723269960000000083e+02 2.021352512318420945e-04
3.936825559999999768e+02 1.804330626890700252e-04
4.162630310000000122e+02 1.610060386240967558e-04
4.401386410000000069e+02 1.438048776522961964e-04
4.653836979999999812e+02 1.284402445635092927e-04
4.920767210000000205e+02 1.147187239451547545e-04
5.203004760000000033e+02 1.024724722402302281e-04
5.501433719999999994e+02 9.154822287045926864e-05
5.816979979999999841e+02 8.180677718212324542e-05
6.150624390000000403e+02 7.312109495692190324e-05
6.503405760000000555e+02 6.536864551388908793e-05
6.876418459999999868e+02 5.843697657288840020e-05
7.270829469999999901e+02 5.222391703423003088e-05
7.687862549999999828e+02 4.663980532577146742e-05
8.128815309999999954e+02 4.175212830048020095e-05
8.595060419999999795e+02 3.733935317940913554e-05
9.088047490000000153e+02 3.332677418990932994e-05
9.609305419999999458e+02 2.986482185582122565e-05
1.016046690000000012e+03 2.668086417864411273e-05
1.074324100000000044e+03 2.388407875668907757e-05
1.135944089999999960e+03 2.134847089892142523e-05
1.201098510000000033e+03 1.911235904096683118e-05
1.269989990000000034e+03 1.706740345211768642e-05
1.342832149999999956e+03 1.530397065019235226e-05
1.419853029999999990e+03 1.363630432951325805e-05
1.501291500000000042e+03 1.224673600340632027e-05
1.587401119999999992e+03 1.095510894347788189e-05
1.678449830000000020e+03 9.756860685233008734e-06
1.774719730000000027e+03 8.780096623694036924e-06
1.876512330000000020e+03 7.856350432195513463e-06
1.984143550000000005e+03 6.982744609361702981e-06
2.097948240000000169e+03 6.285031385277453047e-06
2.218280270000000201e+03 5.645987628396117750e-06
2.345514160000000174e+03 5.041626371778271011e-06
2.480044679999999971e+03 4.470066512271066905e-06
2.622292480000000069e+03 4.032145786992803689e-06
2.772699459999999817e+03 3.634735241326970755e-06
2.931733400000000074e+03 3.258889494919899008e-06
3.099888919999999871e+03 2.903437538622769566e-06
3.277689210000000003e+03 2.567271633246210753e-06
3.465685789999999997e+03 2.312210099384762141e-06
3.664467290000000048e+03 2.097414235467228134e-06
3.874650389999999788e+03 1.894272437256697656e-06
4.096888670000000275e+03 1.702152348738555052e-06
4.331874020000000201e+03 1.520455287351914873e-06
4.580334960000000137e+03 1.348617216384730704e-06
4.843049799999999777e+03 1.186099519209382748e-06
5.120832519999999931e+03 1.058323999651057281e-06
5.414548340000000280e+03 9.711548823910987611e-07
5.725110840000000280e+03 8.887148148207117304e-07
6.053486329999999725e+03 8.107471668039891883e-07
6.400692380000000412e+03 7.370100821371192151e-07
6.767817380000000412e+03 6.672723353662040725e-07
7.155999020000000201e+03 6.013178643214016437e-07
7.566446289999999863e+03 5.389411958515031381e-07
8.000435059999999794e+03 4.799483862769526965e-07
8.459316409999999451e+03 4.241557317845812942e-07
8.944512699999999313e+03 3.713901696067409464e-07
9.457542970000000423e+03 3.214864628159196066e-07
1.000000000000000000e+04 2.742897428420191146e-07
