698   2.0   4.39
4.999999329999999659e-02 8.065319453444078635e-01
5.238078530000000316e-02 7.978574776221647458e-01
5.487493799999999811e-02 7.893442564225782165e-01
5.748785289999999715e-02 7.816135201946570188e-01
6.022516640000000199e-02 1.211768047028472184e+00
6.309283520000000256e-02 1.220444147311165350e+00
6.609705089999999561e-02 1.237483173954785354e+00
6.924431770000000208e-02 1.247810762743351232e+00
7.254143799999999975e-02 1.256157353683364120e+00
7.599553470000000588e-02 1.264382406000456038e+00
7.961412519999999660e-02 1.272009282243390604e+00
8.340501790000000304e-02 1.279240731771216666e+00
8.737641570000000135e-02 1.286679443169036929e+00
9.153690929999999670e-02 1.294314064741405534e+00
9.589551390000000675e-02 1.301122621152868142e+00
1.004616390000000054e-01 1.308489211555787124e+00
1.052452029999999955e-01 1.315661160409647090e+00
1.102565229999999952e-01 1.323233927354403372e+00
1.155064779999999958e-01 1.332572649232262263e+00
1.210064069999999964e-01 1.343970329252113904e+00
1.267682159999999891e-01 1.335012115392028909e+00
1.328043790000000002e-01 1.330081439098777851e+00
1.391279699999999897e-01 1.326212693117328589e+00
1.457526389999999894e-01 1.324894076577830093e+00
1.526927650000000081e-01 1.331103449525328886e+00
1.599633540000000020e-01 1.342900095763826407e+00
1.675801130000000028e-01 1.355716150172145529e+00
1.755595799999999929e-01 1.372178560719198970e+00
1.839189830000000081e-01 1.377131328739432670e+00
1.926764099999999924e-01 1.321070382026922063e+00
2.018508460000000004e-01 1.241022666801704366e+00
2.114621399999999929e-01 7.915502253704458369e-01
2.215310480000000082e-01 2.377873118325158075e-01
2.320794310000000027e-01 1.092052029366496173e-04
2.431300730000000021e-01 0.000000000000000000e+00
2.547068889999999919e-01 1.368623058469155209e-04
2.668349440000000183e-01 1.433973077517369278e-02
2.795405089999999926e-01 5.464862205672423034e-02
2.928510009999999997e-01 8.430682085487888056e-02
3.067953589999999897e-01 1.149626538289582611e-01
3.214036230000000272e-01 1.365890891440419141e-01
3.367075319999999761e-01 1.623158811538776003e-01
3.527401090000000239e-01 1.704667940405137638e-01
3.695360719999999932e-01 1.874675215041895215e-01
3.871318400000000048e-01 1.995772277112036475e-01
4.055654109999999868e-01 2.070637975157535171e-01
4.248766900000000013e-01 2.161507363839720863e-01
4.451075489999999912e-01 2.211628327320673826e-01
4.663016500000000120e-01 2.228029180009289401e-01
4.885049459999999955e-01 2.375457148999603474e-01
5.117654799999999948e-01 2.394731354037522852e-01
5.361335870000000225e-01 2.422689197709850806e-01
5.616619590000000439e-01 2.405323804625193185e-01
5.884059670000000297e-01 2.423687505660682140e-01
6.164233679999999715e-01 2.425784323565676748e-01
6.457748410000000439e-01 2.515025991234042246e-01
6.765238639999999748e-01 2.473569314011302422e-01
7.087370750000000497e-01 2.374453171061740309e-01
7.424841519999999528e-01 2.485157627222708832e-01
7.778380510000000303e-01 2.439295820525248515e-01
8.148754240000000149e-01 2.370315448145431658e-01
8.536763189999999613e-01 2.359174317372106922e-01
8.943247199999999619e-01 2.256670272958011814e-01
9.369087219999999716e-01 2.240850082555982947e-01
9.815202950000000426e-01 2.240467325268220844e-01
1.028256180000000075e+00 2.193325989934705456e-01
1.077217340000000023e+00 2.241102212859895360e-01
1.128509879999999965e+00 2.175118281413986887e-01
1.182244660000000058e+00 2.174031100076290191e-01
1.238538149999999893e+00 2.179793907287276289e-01
1.297512049999999917e+00 2.173941083893849435e-01
1.359294060000000082e+00 2.134886140451942305e-01
1.424017910000000109e+00 2.046205012753197772e-01
1.491823670000000046e+00 2.375741742510905363e-01
1.562857869999999982e+00 2.129549625751712416e-01
1.637274619999999903e+00 1.831643220665988836e-01
1.715234640000000033e+00 1.481325363064755762e-01
1.796906829999999955e+00 1.034368193016278886e-01
1.882467869999999932e+00 6.581941139412407493e-02
1.972102999999999939e+00 1.698011506491020964e-02
2.066006180000000025e+00 1.079721538983112114e-03
2.164380550000000181e+00 1.158582505025981119e-03
2.267439130000000080e+00 1.334299776503310815e-03
2.375405069999999785e+00 1.477639994001003028e-03
2.488511799999999941e+00 1.599982365397424134e-03
2.607004170000000176e+00 1.691634966622062794e-03
2.731138710000000192e+00 1.834100487125669195e-03
2.861183880000000013e+00 2.006656099719399296e-03
2.997421259999999865e+00 2.234856666894838306e-03
3.140145780000000109e+00 2.426001469610613529e-03
3.289666180000000217e+00 2.591745575023264581e-03
3.446306229999999804e+00 2.879094228586191653e-03
3.610404490000000077e+00 3.245679348987853385e-03
3.782316680000000098e+00 3.498827510325534795e-03
3.962414739999999824e+00 3.701619615182531828e-03
4.151087760000000237e+00 4.118034386280111647e-03
4.348745349999999732e+00 4.807950075432694884e-03
4.555814269999999944e+00 5.287739535751840095e-03
4.772742270000000175e+00 5.514845906263356017e-03
5.000000000000000000e+00 4.150757303964026403e-03
5.020879270000000005e+00 4.192729631286976760e-03
5.041846750000000377e+00 4.235564798899719638e-03
5.062900540000000227e+00 4.278678792620782545e-03
5.084043499999999938e+00 4.322359409969977681e-03
5.105273719999999571e+00 4.366819245944389936e-03
5.126592640000000145e+00 4.411635119704865500e-03
5.148001189999999561e+00 4.457257469798050348e-03
5.169498439999999917e+00 4.503347951359222730e-03
5.191086290000000325e+00 4.550163266580826288e-03
5.212763309999999706e+00 4.597454511244123375e-03
5.234531399999999834e+00 4.645705139261204104e-03
5.256390569999999762e+00 4.694178805948859105e-03
5.278340339999999742e+00 4.743615436440019179e-03
5.300382609999999772e+00 4.793524104214304249e-03
5.322516440000000237e+00 4.844084018790376610e-03
5.344742769999999865e+00 4.895302095049401322e-03
5.367062090000000119e+00 4.947106402919895091e-03
5.389474390000000170e+00 4.999679247680623335e-03
5.411980630000000403e+00 5.053165797634322394e-03
5.434580330000000181e+00 5.107063472008691908e-03
5.457274439999999949e+00 5.161570910830828168e-03
5.480063920000000088e+00 5.216733142020341107e-03
5.502947810000000217e+00 5.272869961578822116e-03
5.525928020000000274e+00 5.329649253175960770e-03
5.549003599999999814e+00 5.387206827157322957e-03
5.572175500000000170e+00 5.445516271589479276e-03
5.595444679999999948e+00 5.504767953765289656e-03
5.618810650000000351e+00 5.564485832549217158e-03
5.642274859999999670e+00 5.625380365238233892e-03
5.665836330000000309e+00 5.686820295075556420e-03
5.689496039999999866e+00 5.749307262238569777e-03
5.713254929999999732e+00 5.812948023321601668e-03
5.737112999999999907e+00 5.877198078505331720e-03
5.761070250000000392e+00 5.942541090197019094e-03
5.785128590000000237e+00 6.008933854876790173e-03
5.809286120000000331e+00 6.076448608786951325e-03
5.833545680000000289e+00 6.144731748670501092e-03
5.857905859999999798e+00 6.214706094466082922e-03
5.882367610000000191e+00 6.285316289081499183e-03
5.906932349999999943e+00 6.357254759619416530e-03
5.931599140000000325e+00 6.430439231618237210e-03
5.956369399999999814e+00 6.504826906722692599e-03
5.981242179999999742e+00 6.580839001579136781e-03
6.006218910000000299e+00 6.657986643240937363e-03
6.031301019999999902e+00 6.736809000045826910e-03
6.056487080000000134e+00 6.816877802937712678e-03
6.081778530000000238e+00 6.898380839073236202e-03
6.107175350000000336e+00 6.981631820500302545e-03
6.132678030000000113e+00 7.066558721794896983e-03
6.158287999999999762e+00 7.153070790066541791e-03
6.184004309999999727e+00 7.241445499183737748e-03
6.209828850000000067e+00 7.331524559892974718e-03
6.235760209999999581e+00 7.423421412109994927e-03
6.261799810000000299e+00 7.517301277086669252e-03
6.287949089999999686e+00 7.613062527377511754e-03
6.314206600000000336e+00 7.710920346667185857e-03
6.340574740000000098e+00 7.810782722862723293e-03
6.367052079999999670e+00 7.912839946579102932e-03
6.393639560000000444e+00 8.017005283086187095e-03
6.420339580000000268e+00 8.123695679272799688e-03
6.447150230000000093e+00 8.232311702211990781e-03
6.474073409999999917e+00 8.343587355860788285e-03
6.501108170000000186e+00 8.457328364646266375e-03
6.528255940000000201e+00 8.573358278976794464e-03
6.555517670000000408e+00 8.692240729031519564e-03
6.582892890000000108e+00 8.813753287257600211e-03
6.610383030000000382e+00 8.938038145228489537e-03
6.637986660000000150e+00 9.064960302235898146e-03
6.665706160000000047e+00 9.194645401532182058e-03
6.693541999999999881e+00 9.327497429353856853e-03
6.721493240000000036e+00 9.463064724675587097e-03
6.749562260000000258e+00 9.602068582899492624e-03
6.777747630000000356e+00 9.744133594447994609e-03
6.806050299999999886e+00 9.889498974975969789e-03
6.834472660000000310e+00 1.003818524187518289e-02
6.863012310000000227e+00 1.019039432217196117e-02
6.891672129999999896e+00 1.034623912715651461e-02
6.920450690000000016e+00 1.050563382206939553e-02
6.949349400000000010e+00 1.066899870642225474e-02
6.978370189999999695e+00 1.083598169528586681e-02
7.007510660000000335e+00 1.100690272348458024e-02
7.036774160000000222e+00 1.118210977077025575e-02
7.066158770000000366e+00 1.136144331432367184e-02
7.095665930000000010e+00 1.154529905556070032e-02
7.125297549999999980e+00 1.173366823216281073e-02
7.155051710000000398e+00 1.192663365555944599e-02
7.184930800000000062e+00 1.212453007398127912e-02
7.214934350000000052e+00 1.232746446784919146e-02
7.245062830000000176e+00 1.253560196226986834e-02
7.275318150000000372e+00 1.274891948797605805e-02
7.305698869999999623e+00 1.296796420769254742e-02
7.336207390000000217e+00 1.319276842174481670e-02
7.366842270000000248e+00 1.342361558465320071e-02
7.397605419999999654e+00 1.366080251506102301e-02
7.428497789999999767e+00 1.390422409291210311e-02
7.459517960000000336e+00 1.415473973649153741e-02
7.490667819999999644e+00 1.441223025211866085e-02
7.521948809999999597e+00 1.467706231696897477e-02
7.553359509999999943e+00 1.494953394613593792e-02
7.584902289999999603e+00 1.523020586530412709e-02
7.616575720000000160e+00 1.551923710483295825e-02
7.648381230000000031e+00 1.581685652911268142e-02
7.680321219999999727e+00 1.612383526019308538e-02
7.712392809999999876e+00 1.644061166195053686e-02
7.744599820000000356e+00 1.676728728789574768e-02
7.776940350000000279e+00 1.710469931540866198e-02
7.809415819999999897e+00 1.745319726223038687e-02
7.842027660000000289e+00 1.781352193329372932e-02
7.874774930000000062e+00 1.818619994597212020e-02
7.907660009999999851e+00 1.857200814281828941e-02
7.940680979999999778e+00 1.897152224781754534e-02
7.973840240000000357e+00 1.938537312372980506e-02
8.007139210000000062e+00 1.981472755826022697e-02
8.040575979999999845e+00 2.026023071693237171e-02
8.074152950000000217e+00 2.072281273638774263e-02
8.107870099999999525e+00 2.120353997894015505e-02
8.141726489999999927e+00 2.170356440032458062e-02
8.175726889999999969e+00 2.222393333927906445e-02
8.209867479999999773e+00 2.276598673155152616e-02
8.244152070000000165e+00 2.333118324450772496e-02
8.278577800000000764e+00 2.392083175527224756e-02
8.313148500000000496e+00 2.453670404506017033e-02
8.347864149999999483e+00 2.518053685189073146e-02
8.382723809999999887e+00 2.585392653586063641e-02
8.417729380000000816e+00 2.655940145570597280e-02
8.452880860000000496e+00 2.729934020799986913e-02
8.488179210000000197e+00 2.807594414678137723e-02
8.523625369999999535e+00 2.889192110696484073e-02
8.559219360000000165e+00 2.975028620143464059e-02
8.594962119999999928e+00 3.065446200104246510e-02
8.630853650000000599e+00 3.160780462619815906e-02
8.666894909999999896e+00 3.261433172225475241e-02
8.703087809999999536e+00 3.367853513051721065e-02
8.739430430000000527e+00 3.480643766782645643e-02
8.775926589999999194e+00 3.600279618045704871e-02
8.812573430000000485e+00 3.727335623980825019e-02
8.849373820000000279e+00 3.862524063322264611e-02
8.886328699999999969e+00 4.006711191804784855e-02
8.923436159999999617e+00 4.160674737163595760e-02
8.960700989999999422e+00 4.325416948278729135e-02
8.998119349999999628e+00 4.502353682504979526e-02
9.035694120000000495e+00 4.692528769458594734e-02
9.073427199999999360e+00 4.897513614420586497e-02
9.111316679999999835e+00 5.119158207489630380e-02
9.149365429999999577e+00 5.359264270100163458e-02
9.187571529999999598e+00 5.620685676781534551e-02
9.225937840000000278e+00 5.905909164711656972e-02
9.264465330000000165e+00 6.218755308233463175e-02
9.303152080000000268e+00 6.562766715687926022e-02
9.342001910000000464e+00 6.943444926554358243e-02
9.381012919999999866e+00 7.366166265867606089e-02
9.420187000000000310e+00 7.840038459620332634e-02
9.459526059999999958e+00 8.373488492988552523e-02
9.499027249999999256e+00 8.979724067853306346e-02
9.538695340000000300e+00 9.674745471383976170e-02
9.578527449999999277e+00 1.047964784347557021e-01
9.618525509999999556e+00 1.142967764259780750e-01
9.658693310000000309e+00 1.256633706004346429e-01
9.699026110000000145e+00 1.395631379206443701e-01
9.739527700000000010e+00 1.571885649164112830e-01
9.780200000000000671e+00 1.805317405821564580e-01
9.821041109999999463e+00 2.137302255139996165e-01
9.862053870000000444e+00 2.663664563490139581e-01
9.903236390000000000e+00 3.571766983991332967e-01
9.944590570000000795e+00 4.870841123061101507e-01
9.986119269999999659e+00 6.232613014985679545e-01
1.002781960000000083e+01 7.523893988492033058e-01
1.006969549999999991e+01 8.717203482500591738e-01
1.011174680000000059e+01 9.762165223964902605e-01
1.015397070000000035e+01 1.058696817258943934e+00
1.019637389999999932e+01 1.126709378059476796e+00
1.023895360000000032e+01 1.170727704400328140e+00
1.028170869999999937e+01 1.208159892158507054e+00
1.032464500000000029e+01 1.285201705218736334e+00
1.036776069999999983e+01 1.386199982541200804e+00
1.041105370000000008e+01 1.490481118212669154e+00
1.045452979999999954e+01 1.618816099053243418e+00
1.049818800000000074e+01 1.837045004622870570e+00
1.054202839999999952e+01 2.107326191640487956e+00
1.058604910000000032e+01 2.324337986678810974e+00
1.063025670000000034e+01 2.258422085510399135e+00
1.067464829999999942e+01 1.889662052676875037e+00
1.071922299999999950e+01 1.662644268374684708e+00
1.076398559999999982e+01 1.678766046053195238e+00
1.080893610000000038e+01 1.859342265313709497e+00
1.085407159999999926e+01 2.024477654213749478e+00
1.089939790000000031e+01 2.131883727272630313e+00
1.094491389999999953e+01 2.206070770542392534e+00
1.099061679999999974e+01 2.277508935273300672e+00
1.103651329999999930e+01 2.354201655782858005e+00
1.108260150000000088e+01 2.429182029147801458e+00
1.112888240000000017e+01 2.495832461265808710e+00
1.117535400000000045e+01 2.545967706281240694e+00
1.122202210000000022e+01 2.561230517935427553e+00
1.126888560000000084e+01 2.561573303500713550e+00
1.131594089999999930e+01 2.587655556354512054e+00
1.136319639999999964e+01 2.621517670258122212e+00
1.141064929999999933e+01 2.627372700171634712e+00
1.145829679999999939e+01 2.598129919560104195e+00
1.150614640000000044e+01 2.565996359837971141e+00
1.155419640000000037e+01 2.529268846476898425e+00
1.160244660000000039e+01 2.470903235693334921e+00
1.165089509999999962e+01 2.368772713970431987e+00
1.169954869999999936e+01 2.186013029723100853e+00
1.174840640000000036e+01 1.883435220377021491e+00
1.179746440000000085e+01 1.508832130946222927e+00
1.184673019999999966e+01 1.193758130946322549e+00
1.189620210000000000e+01 1.023580963458029958e+00
1.194587710000000058e+01 1.052300594187187022e+00
1.199576380000000064e+01 1.425003421680961724e+00
1.204585739999999916e+01 1.860446403705732443e+00
1.209616089999999922e+01 1.606783799256079170e+00
1.214667129999999950e+01 1.025493568831915780e+00
1.219739530000000016e+01 6.326454733705763056e-01
1.224833199999999955e+01 4.443696687033425463e-01
1.229947759999999946e+01 3.434526486717241478e-01
1.235084059999999972e+01 2.821173879189575184e-01
1.240241720000000036e+01 2.399304172671848923e-01
1.245420649999999974e+01 2.093214194937802197e-01
1.250621510000000036e+01 1.859027700418277862e-01
1.255844120000000075e+01 1.672871334163855972e-01
1.261088469999999973e+01 1.521814627268694986e-01
1.266354469999999921e+01 1.396305102726319580e-01
1.271642680000000070e+01 1.290835602192565157e-01
1.276953119999999942e+01 1.200570762811405262e-01
1.282285309999999967e+01 1.122856278774557043e-01
1.287640090000000015e+01 1.055479918496833591e-01
1.293017290000000052e+01 9.963541181458787643e-02
1.298416609999999949e+01 9.444679709486455965e-02
1.303838730000000012e+01 8.985166746464044729e-02
1.309283540000000023e+01 8.578524127713206548e-02
1.314751150000000024e+01 8.216574746503553517e-02
1.320241170000000075e+01 7.893291093504560541e-02
1.325754449999999984e+01 7.605151232069103096e-02
1.331290820000000075e+01 7.346798138757633378e-02
1.336849980000000038e+01 7.116394290352921759e-02
1.342432589999999948e+01 6.910165244922622518e-02
1.348038580000000053e+01 6.726287000985541054e-02
1.353667639999999928e+01 6.562409585237136134e-02
1.359320549999999983e+01 6.416774535721998796e-02
1.364997100000000074e+01 6.288266284410271023e-02
1.370697310000000080e+01 6.175091554688696277e-02
1.376420970000000032e+01 6.076821246000065069e-02
1.382168869999999927e+01 5.991868044640000918e-02
1.387940790000000035e+01 5.920102787428022789e-02
1.393736460000000044e+01 5.860297754092461814e-02
1.399556639999999952e+01 5.812382775467035689e-02
1.405401230000000012e+01 5.775580929919138518e-02
1.411269760000000062e+01 5.749742226769924414e-02
1.417163279999999936e+01 5.734525744634090538e-02
1.423081299999999949e+01 5.729737976663182297e-02
1.429023650000000067e+01 5.735417559834356943e-02
1.434991259999999968e+01 5.751319577551759765e-02
1.440983770000000064e+01 5.777813288354161775e-02
1.447001359999999970e+01 5.814740576345532597e-02
1.453043650000000042e+01 5.862781802397599995e-02
1.459111500000000028e+01 5.921668691454769207e-02
1.465204810000000002e+01 5.992413705828918830e-02
1.471323010000000053e+01 6.074885249196045056e-02
1.477467249999999943e+01 6.170360090763265387e-02
1.483637140000000088e+01 6.278867889051738260e-02
1.489832400000000057e+01 6.402561611986397339e-02
1.496053979999999939e+01 6.541244464687806515e-02
1.502301499999999912e+01 6.697049555881100236e-02
1.508575060000000079e+01 6.870487156217409963e-02
1.514874460000000056e+01 7.064825515617717544e-02
1.521200559999999946e+01 7.280962877485794293e-02
1.527553080000000030e+01 7.522221423281987007e-02
1.533931729999999938e+01 7.790088912126280629e-02
1.540337470000000053e+01 8.090733517166082134e-02
1.546769910000000081e+01 8.426088984449438268e-02
1.553228760000000008e+01 8.802568161913246203e-02
1.559715079999999965e+01 9.225245636272812189e-02
1.566228390000000026e+01 9.705064573241922732e-02
1.572768970000000088e+01 1.024729188904535682e-01
1.579336359999999928e+01 1.086843794577206784e-01
1.585931680000000021e+01 1.158213908631131467e-01
1.592554570000000069e+01 1.240851095266099213e-01
1.599204639999999955e+01 1.337761789598576057e-01
1.605882839999999945e+01 1.452427582099160008e-01
1.612589069999999936e+01 1.589614036417877074e-01
1.619322779999999895e+01 1.757522387404240605e-01
1.626085090000000122e+01 1.964494113192676583e-01
1.632875629999999845e+01 2.228961347429487261e-01
1.639694400000000130e+01 2.568892449414881818e-01
1.646541399999999911e+01 3.014774093727923265e-01
1.653417400000000015e+01 3.589540110673539175e-01
1.660322000000000031e+01 4.291918942620912558e-01
1.667255019999999988e+01 5.086727586357933095e-01
1.674217409999999973e+01 5.914859819011433206e-01
1.681208990000000014e+01 6.735229209729365341e-01
1.688229180000000085e+01 7.508094575616085509e-01
1.695279310000000095e+01 8.208362360865645302e-01
1.702358819999999895e+01 8.819719575032838321e-01
1.709467890000000168e+01 9.342413169053851441e-01
1.716606140000000025e+01 9.800600272501037713e-01
1.723774530000000027e+01 1.023912553798239866e+00
1.730973050000000057e+01 1.069345453398352852e+00
1.738201139999999967e+01 1.112217856818823014e+00
1.745459939999999932e+01 1.145154735081949982e+00
1.752748869999999926e+01 1.161855481675043933e+00
1.760067940000000064e+01 1.161763713826983624e+00
1.767417909999999992e+01 1.148986863561162641e+00
1.774798579999999859e+01 1.128140906801265331e+00
1.782210159999999988e+01 1.098912844734631467e+00
1.789652249999999967e+01 1.061720436683782687e+00
1.797125820000000118e+01 1.017686999330246866e+00
1.804630470000000031e+01 9.696364471416528685e-01
1.812166210000000177e+01 9.178106756213206818e-01
1.819733809999999963e+01 8.611812033998376137e-01
1.827333069999999893e+01 8.040408506118862375e-01
1.834963420000000056e+01 7.490414992772733704e-01
1.842626190000000008e+01 7.025932188911007126e-01
1.850321010000000044e+01 6.687626635707987210e-01
1.858047489999999868e+01 6.525068852448344670e-01
1.865806579999999926e+01 6.568958245398618390e-01
1.873598289999999977e+01 6.892573051418945385e-01
1.881422420000000173e+01 7.453645278779175154e-01
1.889278600000000097e+01 8.221933801496938976e-01
1.897168350000000103e+01 9.139730808026118591e-01
1.905090900000000076e+01 1.015361305799681091e+00
1.913045879999999954e+01 1.124487901960478986e+00
1.921034810000000093e+01 1.234497002206276672e+00
1.929057119999999870e+01 1.340834455761868771e+00
1.937112240000000085e+01 1.440028860113647502e+00
1.945201679999999911e+01 1.530657708277611606e+00
1.953324890000000025e+01 1.612206927889264785e+00
1.961481859999999955e+01 1.680123508534286492e+00
1.969672389999999851e+01 1.731827801357324503e+00
1.977897829999999857e+01 1.764583674893011933e+00
1.986157419999999973e+01 1.780204744379255244e+00
1.994451139999999967e+01 1.769167976919470808e+00
2.002779960000000159e+01 1.731626270757041119e+00
2.011143489999999900e+01 1.672874012667111998e+00
2.019541549999999930e+01 1.608716753863406401e+00
2.027975079999999863e+01 1.558389917656419321e+00
2.036443900000000085e+01 1.535853238509806706e+00
2.044948199999999972e+01 1.540682740640862969e+00
2.053487210000000118e+01 1.560198422982966848e+00
2.062062639999999902e+01 1.587512456885287859e+00
2.070673749999999913e+01 1.618347353155094925e+00
2.079320339999999945e+01 1.655679324775862327e+00
2.088003540000000058e+01 1.700534925039244527e+00
2.096722979999999836e+01 1.741315208295005412e+00
2.105478480000000019e+01 1.761784591187999460e+00
2.114270780000000016e+01 1.743825878807945262e+00
2.123100090000000151e+01 1.685872186598382116e+00
2.131966020000000128e+01 1.589761287488647534e+00
2.140868569999999949e+01 1.457646244280064174e+00
2.149808880000000144e+01 1.306005798736817658e+00
2.158786389999999855e+01 1.143348675692016814e+00
2.167800899999999942e+01 9.884042949711936421e-01
2.176853559999999987e+01 8.490098635819218753e-01
2.185944179999999903e+01 7.358991182343845860e-01
2.195071980000000167e+01 6.493515876662114827e-01
2.204238700000000151e+01 5.875470154112646393e-01
2.213443570000000094e+01 5.496091288936815200e-01
2.222686960000000056e+01 5.252103298305802470e-01
2.231968309999999889e+01 5.020554124405423035e-01
2.241288949999999858e+01 4.691370169305513205e-01
2.250648500000000141e+01 4.267602508709606446e-01
2.260046579999999850e+01 3.808604505962778775e-01
2.269484519999999961e+01 3.380682967391885896e-01
2.278961939999999942e+01 3.015086285922289333e-01
2.288478279999999998e+01 2.713968637437692566e-01
2.298034859999999924e+01 2.481228213541107896e-01
2.307631489999999985e+01 2.296501075649572676e-01
2.317268179999999944e+01 2.148262083073179673e-01
2.326944350000000128e+01 2.032849120429887912e-01
2.336661720000000031e+01 1.941915422029763527e-01
2.346419530000000009e+01 1.871144365684905830e-01
2.356217579999999856e+01 1.818210543312212268e-01
2.366057209999999955e+01 1.780022486302928753e-01
2.375937839999999923e+01 1.754174018580271777e-01
2.385859110000000172e+01 1.741080052679826740e-01
2.395822330000000022e+01 1.740071676416942992e-01
2.405827329999999975e+01 1.749725637525970379e-01
2.415873339999999914e+01 1.770597397888843128e-01
2.425962069999999926e+01 1.804637980255516805e-01
2.436092760000000013e+01 1.851357298747269842e-01
2.446265980000000084e+01 1.911975868102211151e-01
2.456480790000000169e+01 1.989902749841847007e-01
2.466739079999999973e+01 2.087793615831042005e-01
2.477040290000000056e+01 2.207967948291064686e-01
2.487383649999999946e+01 2.356521024438770762e-01
2.497770879999999849e+01 2.542905007204104284e-01
2.508201599999999942e+01 2.772127221484286252e-01
2.518675229999999843e+01 3.056940312335669208e-01
2.529193120000000050e+01 3.420179746947203392e-01
2.539755059999999887e+01 3.868565306451896557e-01
2.550361059999999824e+01 4.418456177567232079e-01
2.561010549999999952e+01 5.085751068816624088e-01
2.571705439999999854e+01 5.840400667954618319e-01
2.582444759999999917e+01 6.654031620691617244e-01
2.593228339999999932e+01 7.486194752673085429e-01
2.604057690000000136e+01 8.292914234744499513e-01
2.614932250000000025e+01 9.042167606053181927e-01
2.625851439999999926e+01 9.725742109768462651e-01
2.636816980000000044e+01 1.033013842993505182e+00
2.647828289999999996e+01 1.085439128049625390e+00
2.658885769999999837e+01 1.129846265840431352e+00
2.669988439999999841e+01 1.162798335573374420e+00
2.681138229999999822e+01 1.185871047512926824e+00
2.692334749999999843e+01 1.198682668642541804e+00
2.703577230000000142e+01 1.204566638719690497e+00
2.714867209999999886e+01 1.207393274278630857e+00
2.726204489999999936e+01 1.210010134110321989e+00
2.737588500000000025e+01 1.210579492556771219e+00
2.749020579999999825e+01 1.204881729658988876e+00
2.760500529999999841e+01 1.188096385661433274e+00
2.772028350000000074e+01 1.159862443642697416e+00
2.783603480000000019e+01 1.124873771764438368e+00
2.795227810000000090e+01 1.086003006212554078e+00
2.806900789999999901e+01 1.049245635771925533e+00
2.818621440000000078e+01 1.019404541504545625e+00
2.830392069999999904e+01 9.992226761000632118e-01
2.842211719999999886e+01 9.940323050885276901e-01
2.854080009999999845e+01 1.006629334649752572e+00
2.865998649999999870e+01 1.035376777929272851e+00
2.877967070000000049e+01 1.085975308600276801e+00
2.889985469999999879e+01 1.153658856780335862e+00
2.902053259999999923e+01 1.236547970098792026e+00
2.914172170000000150e+01 1.328756361611372672e+00
2.926341820000000027e+01 1.429616649247170468e+00
2.938561250000000058e+01 1.535285844769097130e+00
2.950832750000000004e+01 1.642465128882580894e+00
2.963155360000000016e+01 1.746764384229401390e+00
2.975528720000000149e+01 1.842892506719941315e+00
2.987954519999999903e+01 1.924132691950693586e+00
3.000432209999999955e+01 1.990844900711007170e+00
3.012961960000000161e+01 2.041161678362757748e+00
3.025543210000000016e+01 2.072445738241543101e+00
3.038177870000000169e+01 2.087759959529119858e+00
3.050865359999999882e+01 2.088382253779475839e+00
3.063604929999999982e+01 2.078853610802924745e+00
3.076398470000000174e+01 2.066267158676021509e+00
3.089245610000000042e+01 2.056312731474901678e+00
3.102145390000000091e+01 2.050958740826220428e+00
3.115099909999999994e+01 2.053045354954778912e+00
3.128108599999999839e+01 2.065255964009162781e+00
3.141170689999999865e+01 2.084789020139688365e+00
3.154288100000000128e+01 2.108666625861616684e+00
3.167460439999999977e+01 2.132263712244404807e+00
3.180687710000000124e+01 2.151943574956198812e+00
3.193969350000000063e+01 2.166030507077214118e+00
3.207307430000000181e+01 2.175246844394019607e+00
3.220701220000000120e+01 2.182660624944015915e+00
3.234149930000000239e+01 2.189858062512255010e+00
3.247655489999999645e+01 2.194831254323268865e+00
3.261217880000000235e+01 2.195395065829574666e+00
3.274835970000000174e+01 2.190083115414685810e+00
3.288511660000000347e+01 2.176153085685822663e+00
3.302244189999999691e+01 2.147425208589269996e+00
3.316034319999999980e+01 2.104842011111383027e+00
3.329881290000000149e+01 2.050968630447572494e+00
3.343786999999999665e+01 1.989507428733655159e+00
3.357750320000000244e+01 1.925596296971340271e+00
3.371771619999999814e+01 1.864698112147330056e+00
3.385852049999999736e+01 1.808899362929449417e+00
3.399991229999999831e+01 1.757216687891463902e+00
3.414188769999999806e+01 1.706666816994369951e+00
3.428446199999999777e+01 1.652954300959332379e+00
3.442763519999999744e+01 1.593512600174008753e+00
3.457140350000000240e+01 1.528057342910739580e+00
3.471576689999999843e+01 1.457776993169226820e+00
3.486073679999999797e+01 1.384456013952217290e+00
3.500631709999999686e+01 1.310851228545201863e+00
3.515249250000000103e+01 1.239623152435175513e+00
3.529928970000000277e+01 1.172094341820101526e+00
3.544670099999999735e+01 1.108611775996528381e+00
3.559471510000000194e+01 1.048651085613656830e+00
3.574335860000000054e+01 9.915132553864135501e-01
3.589262389999999669e+01 9.370458220354541679e-01
3.604251099999999752e+01 8.852455208101300821e-01
3.619301219999999830e+01 8.358104733726187119e-01
3.634415440000000075e+01 7.882901814669962537e-01
3.649592969999999781e+01 7.276969136055037035e-01
3.664832690000000071e+01 6.862954289642704264e-01
3.680136869999999760e+01 6.463684270861298486e-01
3.695505140000000210e+01 6.076687854520714804e-01
3.710936360000000178e+01 5.709496145285006818e-01
3.726433180000000078e+01 5.360123905260203436e-01
3.741994859999999790e+01 5.032232282745249252e-01
3.757621379999999789e+01 4.736878029166276538e-01
3.773312380000000132e+01 4.490193228780186563e-01
3.789069369999999992e+01 4.322565809288030914e-01
3.804892730000000256e+01 4.231930956306888536e-01
3.820780940000000214e+01 4.241193416729843735e-01
3.836736299999999744e+01 4.375416558824126723e-01
3.852758790000000033e+01 4.661515329655904205e-01
3.868846510000000194e+01 5.089994735581978569e-01
3.885002899999999926e+01 5.503130054873680566e-01
3.901226810000000000e+01 5.714329733317836668e-01
3.917518230000000301e+01 5.683680924803006240e-01
3.933876800000000173e+01 5.482810644555478063e-01
3.950304409999999677e+01 5.166364003123306015e-01
3.966801070000000351e+01 4.807450778220283549e-01
3.983365249999999946e+01 4.180820702665904443e-01
3.999999619999999823e+01 3.806006238326336555e-01
4.229427720000000335e+01 1.082755987504553097e-01
4.472013849999999735e+01 3.080310553970002849e-02
4.728515620000000297e+01 8.763042291790259022e-03
4.999729159999999695e+01 3.640415032455922573e-01
5.286497500000000116e+01 1.838112215286528128e-01
5.589715189999999723e+01 2.736580861813343035e-01
5.910324479999999880e+01 9.869250829731056329e-02
6.249321750000000009e+01 2.218606144191236432e-02
6.607764430000000289e+01 1.248084849542016941e-02
6.986763759999999479e+01 8.734905837216365085e-03
7.387503809999999760e+01 6.671451765480174156e-03
7.811228939999999454e+01 5.324731125050741545e-03
8.259255980000000363e+01 4.366589439885624167e-03
8.732982640000000174e+01 3.645643670301605081e-03
9.233880619999999340e+01 3.082125005079959252e-03
9.763505550000000710e+01 2.630521280984783866e-03
1.032350849999999980e+02 2.261462167977437623e-03
1.091563419999999951e+02 1.955700208024113013e-03
1.154172290000000061e+02 1.699231958869764454e-03
1.220372160000000008e+02 1.482086188099423271e-03
1.290369110000000035e+02 1.297094123539076693e-03
1.364380800000000136e+02 1.138284521720533786e-03
1.442636870000000044e+02 1.001283295281416887e-03
1.525382229999999879e+02 8.825395695502238251e-04
1.612873690000000124e+02 7.791809261643304263e-04
1.705383300000000020e+02 6.891023656887545904e-04
1.803199009999999873e+02 6.101741986240892925e-04
1.906625209999999981e+02 5.409350854603985070e-04
2.015982510000000048e+02 4.800156364779146752e-04
2.131613309999999899e+02 4.263191470338095345e-04
2.253876190000000008e+02 3.789771840490328641e-04
2.383151860000000113e+02 3.370656746189076652e-04
2.519842380000000048e+02 3.000437414120622781e-04
2.664371639999999957e+02 2.672091832317480481e-04
2.817192079999999805e+02 2.380789608746659055e-04
2.978777769999999805e+02 2.122077669418266524e-04
3.149631650000000036e+02 1.892160213484704351e-04
3.330285339999999792e+02 1.687475631597170635e-04
3.521300659999999993e+02 1.506044841653429462e-04
3.723269960000000083e+02 1.343937656976441637e-04
3.936825559999999768e+02 1.199988782065617511e-04
4.162630310000000122e+02 1.071060697421972069e-04
4.401386410000000069e+02 9.568516859415013168e-05
4.653836979999999812e+02 8.547925414295108148e-05
4.920767210000000205e+02 7.636126480773507564e-05
5.203004760000000033e+02 6.822080470643968790e-05
5.501433719999999994e+02 6.095689889078293789e-05
5.816979979999999841e+02 5.447771102244095069e-05
6.150624390000000403e+02 4.869931860562299296e-05
6.503405760000000555e+02 4.354065516990743490e-05
6.876418459999999868e+02 3.892724776844992381e-05
7.270829469999999901e+02 3.479137654452085744e-05
7.687862549999999828e+02 3.107357919837924569e-05
8.128815309999999954e+02 2.781903921645716477e-05
8.595060419999999795e+02 2.488033348031169959e-05
9.088047490000000153e+02 2.220781588877340147e-05
9.609305419999999458e+02 1.990183913111973440e-05
1.016046690000000012e+03 1.778081657840659347e-05
1.074324100000000044e+03 1.591757386117297071e-05
1.135944089999999960e+03 1.422820037488436367e-05
1.201098510000000033e+03 1.273827875985288531e-05
1.269989990000000034e+03 1.137563799202605955e-05
1.342832149999999956e+03 1.020053698533173348e-05
1.419853029999999990e+03 9.089187854987600110e-06
1.501291500000000042e+03 8.163139763815322746e-06
1.587401119999999992e+03 7.302325093695200409e-06
1.678449830000000020e+03 6.503712763136018998e-06
1.774719730000000027e+03 5.852704703810258699e-06
1.876512330000000020e+03 5.237012281998434135e-06
1.984143550000000005e+03 4.654722117759277961e-06
2.097948240000000169e+03 4.189665921202251385e-06
2.218280270000000201e+03 3.763706506684435393e-06
2.345514160000000174e+03 3.360856421526582252e-06
2.480044679999999971e+03 2.979863665305450096e-06
2.622292480000000069e+03 2.687951417557128493e-06
2.772699459999999817e+03 2.423039291236148808e-06
2.931733400000000074e+03 2.172498737261482382e-06
3.099888919999999871e+03 1.935549911508685887e-06
3.277689210000000003e+03 1.711455015416519157e-06
3.465685789999999997e+03 1.541425542288801900e-06
3.664467290000000048e+03 1.398237327482898351e-06
3.874650389999999788e+03 1.262816924234112906e-06
4.096888670000000275e+03 1.134743021565405301e-06
4.331874020000000201e+03 1.013616715425830450e-06
4.580334960000000137e+03 8.990621637133343715e-07
4.843049799999999777e+03 7.907204415496238381e-07
5.120832519999999931e+03 7.055393000439262868e-07
5.414548340000000280e+03 6.474283533244665341e-07
5.725110840000000280e+03 5.924698027471317445e-07
6.053486329999999725e+03 5.404926111139292530e-07
6.400692380000000412e+03 4.913355826073799755e-07
6.767817380000000412e+03 4.448446019763088817e-07
7.155999020000000201e+03 4.008756570297061294e-07
7.566446289999999863e+03 3.592917904009305697e-07
8.000435059999999794e+03 3.199637267982274690e-07
8.459316409999999451e+03 2.827690143678092941e-07
8.944512699999999313e+03 2.475922924022087890e-07
9.457542970000000423e+03 2.143234150484426905e-07
1.000000000000000000e+04 1.828591466782642630e-07
