698   3.0   3.3
4.999999329999999659e-02 7.961950967586515215e-01
5.238078530000000316e-02 7.872412401051883668e-01
5.487493799999999811e-02 7.783971596623252553e-01
5.748785289999999715e-02 7.702554261708278727e-01
6.022516640000000199e-02 1.194618682841430024e+00
6.309283520000000256e-02 1.202328045087591946e+00
6.609705089999999561e-02 1.218381048887154261e+00
6.924431770000000208e-02 1.227860215481776818e+00
7.254143799999999975e-02 1.235361586672412804e+00
7.599553470000000588e-02 1.242724686525674915e+00
7.961412519999999660e-02 1.249504163577624061e+00
8.340501790000000304e-02 1.255896364411542399e+00
8.737641570000000135e-02 1.262489004383126501e+00
9.153690929999999670e-02 1.269277575523688251e+00
9.589551390000000675e-02 1.275253699717867395e+00
1.004616390000000054e-01 1.281821555521931222e+00
1.052452029999999955e-01 1.288207252736326636e+00
1.102565229999999952e-01 1.295002668451443517e+00
1.155064779999999958e-01 1.303584266170941586e+00
1.210064069999999964e-01 1.314216495693637743e+00
1.267682159999999891e-01 1.304578067369694505e+00
1.328043790000000002e-01 1.298891358460812606e+00
1.391279699999999897e-01 1.294288014585786017e+00
1.457526389999999894e-01 1.292291017130413167e+00
1.526927650000000081e-01 1.297870202266871553e+00
1.599633540000000020e-01 1.308973139977668065e+00
1.675801130000000028e-01 1.320996635551837217e+00
1.755595799999999929e-01 1.336711422562625984e+00
1.839189830000000081e-01 1.350810866073635985e+00
1.926764099999999924e-01 1.340427375062674731e+00
2.018508460000000004e-01 1.296794212698519466e+00
2.114621399999999929e-01 9.398382606894164493e-01
2.215310480000000082e-01 3.160751676909948071e-01
2.320794310000000027e-01 9.214772298521224634e-06
2.431300730000000021e-01 0.000000000000000000e+00
2.547068889999999919e-01 0.000000000000000000e+00
2.668349440000000183e-01 1.955279134729654908e-02
2.795405089999999926e-01 7.581868145838596695e-02
2.928510009999999997e-01 1.161333697008347238e-01
3.067953589999999897e-01 1.542781082261245329e-01
3.214036230000000272e-01 1.823523598511498367e-01
3.367075319999999761e-01 2.088245460640996698e-01
3.527401090000000239e-01 2.314898177979499150e-01
3.695360719999999932e-01 2.472998757437207817e-01
3.871318400000000048e-01 2.627726378684457909e-01
4.055654109999999868e-01 2.747597082766878862e-01
4.248766900000000013e-01 2.827264183963916211e-01
4.451075489999999912e-01 2.912810610662449062e-01
4.663016500000000120e-01 2.986581032295511084e-01
4.885049459999999955e-01 3.039827793612918105e-01
5.117654799999999948e-01 3.063462078918238740e-01
5.361335870000000225e-01 3.113744598492356186e-01
5.616619590000000439e-01 3.066698565166486867e-01
5.884059670000000297e-01 3.119821021424461494e-01
6.164233679999999715e-01 3.114920839701844635e-01
6.457748410000000439e-01 3.108575192775056006e-01
6.765238639999999748e-01 3.066822573422454123e-01
7.087370750000000497e-01 3.014034042652710133e-01
7.424841519999999528e-01 3.044917744960397021e-01
7.778380510000000303e-01 3.050093113554563917e-01
8.148754240000000149e-01 3.002916015572774100e-01
8.536763189999999613e-01 2.951222183862862725e-01
8.943247199999999619e-01 2.903375849312465617e-01
9.369087219999999716e-01 2.877495546527302772e-01
9.815202950000000426e-01 2.870225297546125098e-01
1.028256180000000075e+00 2.839656447423180019e-01
1.077217340000000023e+00 2.792801896582948751e-01
1.128509879999999965e+00 2.776126861117539923e-01
1.182244660000000058e+00 2.661028036662045904e-01
1.238538149999999893e+00 2.644411323536954295e-01
1.297512049999999917e+00 2.585677883712237390e-01
1.359294060000000082e+00 2.539995509569214494e-01
1.424017910000000109e+00 2.468200743533593144e-01
1.491823670000000046e+00 2.383481226359626670e-01
1.562857869999999982e+00 2.319715292554981323e-01
1.637274619999999903e+00 2.191277553814535983e-01
1.715234640000000033e+00 2.135451408987401878e-01
1.796906829999999955e+00 2.030645834201806610e-01
1.882467869999999932e+00 1.975404871098582205e-01
1.972102999999999939e+00 2.008434569134567027e-01
2.066006180000000025e+00 1.970377438844720386e-01
2.164380550000000181e+00 1.974022104100543185e-01
2.267439130000000080e+00 1.678277317560848414e-01
2.375405069999999785e+00 1.639792418447937605e-01
2.488511799999999941e+00 1.389641728791927711e-01
2.607004170000000176e+00 1.264130240715892473e-01
2.731138710000000192e+00 1.117069028449061141e-01
2.861183880000000013e+00 1.048266276594830015e-01
2.997421259999999865e+00 8.153472404393671824e-02
3.140145780000000109e+00 6.345517536847433693e-02
3.289666180000000217e+00 3.589596975906532428e-02
3.446306229999999804e+00 1.286287926007335242e-02
3.610404490000000077e+00 1.247097296127889880e-02
3.782316680000000098e+00 1.128577028406961211e-02
3.962414739999999824e+00 1.059097959886269591e-02
4.151087760000000237e+00 1.011968467868096591e-02
4.348745349999999732e+00 9.217486605140443393e-03
4.555814269999999944e+00 8.557862859241410075e-03
4.772742270000000175e+00 8.180590464787038454e-03
5.000000000000000000e+00 5.344508576968109125e-03
5.020879270000000005e+00 5.932247918826451423e-03
5.041846750000000377e+00 5.940363075900779305e-03
5.062900540000000227e+00 5.911217590208356874e-03
5.084043499999999938e+00 5.882108619107939002e-03
5.105273719999999571e+00 6.203416877181849517e-03
5.126592640000000145e+00 6.172819477736339600e-03
5.148001189999999561e+00 6.142273873567722677e-03
5.169498439999999917e+00 6.111778361841476923e-03
5.191086290000000325e+00 6.081331376537749481e-03
5.212763309999999706e+00 6.050992716598526874e-03
5.234531399999999834e+00 6.124760695657176755e-03
5.256390569999999762e+00 6.077104605042583582e-03
5.278340339999999742e+00 6.026837179589266368e-03
5.300382609999999772e+00 6.224808296074448022e-03
5.322516440000000237e+00 6.193164905966452166e-03
5.344742769999999865e+00 6.434696458448148533e-03
5.367062090000000119e+00 6.591549813627833009e-03
5.389474390000000170e+00 6.557979907749124371e-03
5.411980630000000403e+00 6.386946011716776103e-03
5.434580330000000181e+00 6.749178590318353002e-03
5.457274439999999949e+00 6.601519320585842732e-03
5.480063920000000088e+00 6.680123466068184530e-03
5.502947810000000217e+00 6.879348378194529053e-03
5.525928020000000274e+00 6.844017720028908874e-03
5.549003599999999814e+00 6.808933200038416039e-03
5.572175500000000170e+00 7.563111942609682982e-03
5.595444679999999948e+00 7.387158273698570324e-03
5.618810650000000351e+00 7.557841795401375011e-03
5.642274859999999670e+00 7.658642099611852848e-03
5.665836330000000309e+00 7.720965908198517899e-03
5.689496039999999866e+00 7.877132152374540300e-03
5.713254929999999732e+00 7.836878589695403866e-03
5.737112999999999907e+00 7.804316826105214995e-03
5.761070250000000392e+00 7.939076105262191096e-03
5.785128590000000237e+00 7.922974269430690594e-03
5.809286120000000331e+00 7.858019323078240317e-03
5.833545680000000289e+00 8.298008017009880430e-03
5.857905859999999798e+00 8.255607574808998886e-03
5.882367610000000191e+00 8.374703065713600195e-03
5.906932349999999943e+00 8.564117088557830770e-03
5.931599140000000325e+00 8.812424322579108515e-03
5.956369399999999814e+00 9.039787555371447264e-03
5.981242179999999742e+00 9.073600808034286425e-03
6.006218910000000299e+00 9.091803415876380939e-03
6.031301019999999902e+00 9.183994056177388274e-03
6.056487080000000134e+00 9.238169024971563947e-03
6.081778530000000238e+00 9.466442883542884948e-03
6.107175350000000336e+00 9.436448292326034964e-03
6.132678030000000113e+00 9.495569155102535561e-03
6.158287999999999762e+00 1.008981594755881464e-02
6.184004309999999727e+00 1.015259863147541762e-02
6.209828850000000067e+00 9.808360723445276250e-03
6.235760209999999581e+00 1.034066579977410000e-02
6.261799810000000299e+00 1.032393479133561671e-02
6.287949089999999686e+00 1.047955885297049451e-02
6.314206600000000336e+00 1.049431319008653322e-02
6.340574740000000098e+00 1.072653710039437637e-02
6.367052079999999670e+00 1.076329685606998605e-02
6.393639560000000444e+00 1.122686021988775207e-02
6.420339580000000268e+00 1.116998268458410833e-02
6.447150230000000093e+00 1.140447853247324173e-02
6.474073409999999917e+00 1.156647822742561983e-02
6.501108170000000186e+00 1.179083708211074201e-02
6.528255940000000201e+00 1.193990528407274515e-02
6.555517670000000408e+00 1.191484115675270870e-02
6.582892890000000108e+00 1.224202455187180932e-02
6.610383030000000382e+00 1.247837157143694489e-02
6.637986660000000150e+00 1.275177769784193067e-02
6.665706160000000047e+00 1.275578890988643063e-02
6.693541999999999881e+00 1.297281408709195782e-02
6.721493240000000036e+00 1.317649330564921173e-02
6.749562260000000258e+00 1.349487195663842329e-02
6.777747630000000356e+00 1.373454323753556076e-02
6.806050299999999886e+00 1.382474558424643014e-02
6.834472660000000310e+00 1.408152362953353498e-02
6.863012310000000227e+00 1.437340598450605363e-02
6.891672129999999896e+00 1.458049578935743072e-02
6.920450690000000016e+00 1.479778113209246487e-02
6.949349400000000010e+00 1.503843917330607675e-02
6.978370189999999695e+00 1.525609172126410860e-02
7.007510660000000335e+00 1.562032897935919200e-02
7.036774160000000222e+00 1.581646434929576475e-02
7.066158770000000366e+00 1.600979720975052173e-02
7.095665930000000010e+00 1.632899914651209441e-02
7.125297549999999980e+00 1.661791757754691248e-02
7.155051710000000398e+00 1.701694754076055194e-02
7.184930800000000062e+00 1.724721948175498773e-02
7.214934350000000052e+00 1.762350938037267681e-02
7.245062830000000176e+00 1.797479160541059703e-02
7.275318150000000372e+00 1.833440774734139758e-02
7.305698869999999623e+00 1.862947266505287497e-02
7.336207390000000217e+00 1.904288094408862833e-02
7.366842270000000248e+00 1.938849757991414208e-02
7.397605419999999654e+00 1.980007263113048310e-02
7.428497789999999767e+00 2.023333705801782026e-02
7.459517960000000336e+00 2.063847051089590795e-02
7.490667819999999644e+00 2.109368353768539817e-02
7.521948809999999597e+00 2.154120069821240102e-02
7.553359509999999943e+00 2.201892975419135132e-02
7.584902289999999603e+00 2.252764813213582740e-02
7.616575720000000160e+00 2.302666055896879227e-02
7.648381230000000031e+00 2.356209703083627510e-02
7.680321219999999727e+00 2.413599212314250508e-02
7.712392809999999876e+00 2.472581685115383607e-02
7.744599820000000356e+00 2.531540381359690881e-02
7.776940350000000279e+00 2.592624862262648405e-02
7.809415819999999897e+00 2.662694250715487779e-02
7.842027660000000289e+00 2.731887355042045273e-02
7.874774930000000062e+00 2.805493271389683518e-02
7.907660009999999851e+00 2.883156526511817738e-02
7.940680979999999778e+00 2.965223892277692869e-02
7.973840240000000357e+00 3.048348449621719053e-02
8.007139210000000062e+00 3.139517496674010949e-02
8.040575979999999845e+00 3.234896005963155963e-02
8.074152950000000217e+00 3.333949959447214673e-02
8.107870099999999525e+00 3.441991756776764666e-02
8.141726489999999927e+00 3.557418950149785625e-02
8.175726889999999969e+00 3.676647631975547142e-02
8.209867479999999773e+00 3.805772899803679110e-02
8.244152070000000165e+00 3.944174852817949189e-02
8.278577800000000764e+00 4.092510122768640984e-02
8.313148500000000496e+00 4.251620387276749957e-02
8.347864149999999483e+00 4.422732670576558917e-02
8.382723809999999887e+00 4.607614970081309880e-02
8.417729380000000816e+00 4.811143999114819714e-02
8.452880860000000496e+00 5.029130186394784735e-02
8.488179210000000197e+00 5.270939687085508113e-02
8.523625369999999535e+00 5.534153702415320342e-02
8.559219360000000165e+00 5.826001013672822693e-02
8.594962119999999928e+00 6.151231503576336940e-02
8.630853650000000599e+00 6.515183169634840288e-02
8.666894909999999896e+00 6.923721467205351532e-02
8.703087809999999536e+00 7.390972017650601633e-02
8.739430430000000527e+00 7.926738251097982524e-02
8.775926589999999194e+00 8.550254717337311960e-02
8.812573430000000485e+00 9.286140466636769175e-02
8.849373820000000279e+00 1.016808569093459874e-01
8.886328699999999969e+00 1.124428940401460686e-01
8.923436159999999617e+00 1.258580006951762753e-01
8.960700989999999422e+00 1.430488236752519848e-01
8.998119349999999628e+00 1.657373999427973199e-01
9.035694120000000495e+00 1.967986642421513943e-01
9.073427199999999360e+00 2.406418935296719130e-01
9.111316679999999835e+00 3.046163044145839272e-01
9.149365429999999577e+00 3.971536831467717965e-01
9.187571529999999598e+00 5.172514895046523842e-01
9.225937840000000278e+00 6.297191384056992636e-01
9.264465330000000165e+00 6.762176620885580469e-01
9.303152080000000268e+00 6.631706053973338566e-01
9.342001910000000464e+00 6.588635073434845335e-01
9.381012919999999866e+00 6.906335892045294411e-01
9.420187000000000310e+00 7.402570518036408753e-01
9.459526059999999958e+00 7.974301632289476638e-01
9.499027249999999256e+00 8.486302931268729921e-01
9.538695340000000300e+00 8.959315750247648369e-01
9.578527449999999277e+00 9.454684677395337467e-01
9.618525509999999556e+00 9.853596730289849726e-01
9.658693310000000309e+00 1.009877016045093168e+00
9.699026110000000145e+00 1.028951973213011684e+00
9.739527700000000010e+00 1.041578447176320310e+00
9.780200000000000671e+00 1.040025385899371546e+00
9.821041109999999463e+00 1.053645636415276199e+00
9.862053870000000444e+00 1.085501060522502392e+00
9.903236390000000000e+00 1.122270252461547990e+00
9.944590570000000795e+00 1.153106995487418907e+00
9.986119269999999659e+00 1.164941294332572319e+00
1.002781960000000083e+01 1.204102539196126642e+00
1.006969549999999991e+01 1.309407269188843426e+00
1.011174680000000059e+01 1.508363618326356015e+00
1.015397070000000035e+01 1.724145207507333577e+00
1.019637389999999932e+01 1.692448736642492291e+00
1.023895360000000032e+01 1.565553150888553180e+00
1.028170869999999937e+01 1.516260890348080981e+00
1.032464500000000029e+01 1.546981065857752746e+00
1.036776069999999983e+01 1.675296998981284702e+00
1.041105370000000008e+01 1.761421054281160803e+00
1.045452979999999954e+01 1.822033255145215191e+00
1.049818800000000074e+01 1.942053369881327818e+00
1.054202839999999952e+01 2.042185818108242401e+00
1.058604910000000032e+01 2.132702700721045286e+00
1.063025670000000034e+01 2.166043396280477928e+00
1.067464829999999942e+01 2.203346210973732067e+00
1.071922299999999950e+01 2.269513784134700174e+00
1.076398559999999982e+01 2.292432075762958821e+00
1.080893610000000038e+01 2.276144800310660354e+00
1.085407159999999926e+01 2.301976415272208421e+00
1.089939790000000031e+01 2.326999713579156026e+00
1.094491389999999953e+01 2.342523057325307967e+00
1.099061679999999974e+01 2.374818025978688407e+00
1.103651329999999930e+01 2.437360658692779847e+00
1.108260150000000088e+01 2.518943009132549982e+00
1.112888240000000017e+01 2.535997042496794585e+00
1.117535400000000045e+01 2.523207876509443004e+00
1.122202210000000022e+01 2.499671704729914179e+00
1.126888560000000084e+01 2.513661199111022260e+00
1.131594089999999930e+01 2.540957542169178129e+00
1.136319639999999964e+01 2.561492676841639060e+00
1.141064929999999933e+01 2.587274099450541431e+00
1.145829679999999939e+01 2.529604220208001131e+00
1.150614640000000044e+01 2.416192583320718512e+00
1.155419640000000037e+01 2.184251207101576941e+00
1.160244660000000039e+01 1.872459934073242849e+00
1.165089509999999962e+01 1.597201066622805588e+00
1.169954869999999936e+01 1.362680388824238031e+00
1.174840640000000036e+01 1.259271901142938299e+00
1.179746440000000085e+01 1.375549879571867917e+00
1.184673019999999966e+01 1.596206163785032661e+00
1.189620210000000000e+01 1.731213747200863073e+00
1.194587710000000058e+01 1.682066414347360706e+00
1.199576380000000064e+01 1.448855150903767042e+00
1.204585739999999916e+01 1.119925607602913820e+00
1.209616089999999922e+01 8.328949066628097420e-01
1.214667129999999950e+01 6.341381537883162833e-01
1.219739530000000016e+01 5.005249534616310614e-01
1.224833199999999955e+01 4.074586453425259602e-01
1.229947759999999946e+01 3.422429250199568451e-01
1.235084059999999972e+01 2.938829756225523893e-01
1.240241720000000036e+01 2.569528882034479156e-01
1.245420649999999974e+01 2.279750658312256761e-01
1.250621510000000036e+01 2.052019801661953136e-01
1.255844120000000075e+01 1.865733709720504840e-01
1.261088469999999973e+01 1.711324572181765480e-01
1.266354469999999921e+01 1.580229500197365688e-01
1.271642680000000070e+01 1.472459330244328679e-01
1.276953119999999942e+01 1.379790008024603942e-01
1.282285309999999967e+01 1.301013503639699420e-01
1.287640090000000015e+01 1.233512641346160010e-01
1.293017290000000052e+01 1.174315498555701387e-01
1.298416609999999949e+01 1.123709413380354211e-01
1.303838730000000012e+01 1.079602594364597046e-01
1.309283540000000023e+01 1.041042921283881068e-01
1.314751150000000024e+01 1.007631185227723242e-01
1.320241170000000075e+01 9.789114551040435652e-02
1.325754449999999984e+01 9.538260338546808437e-02
1.331290820000000075e+01 9.327585137260750725e-02
1.336849980000000038e+01 9.147006664526637076e-02
1.342432589999999948e+01 8.994630850586211868e-02
1.348038580000000053e+01 8.870981601385516391e-02
1.353667639999999928e+01 8.772670643829405535e-02
1.359320549999999983e+01 8.697278511751130314e-02
1.364997100000000074e+01 8.645202911052918271e-02
1.370697310000000080e+01 8.613856278666830180e-02
1.376420970000000032e+01 8.603175805531693143e-02
1.382168869999999927e+01 8.613407598291381029e-02
1.387940790000000035e+01 8.642688067157548726e-02
1.393736460000000044e+01 8.693143512801171369e-02
1.399556639999999952e+01 8.763783323277893333e-02
1.405401230000000012e+01 8.853952269178606838e-02
1.411269760000000062e+01 8.968195887796491517e-02
1.417163279999999936e+01 9.102355760897981596e-02
1.423081299999999949e+01 9.261143394905305137e-02
1.429023650000000067e+01 9.446157766163962299e-02
1.434991259999999968e+01 9.656758321121391986e-02
1.440983770000000064e+01 9.902751622461800074e-02
1.447001359999999970e+01 1.017857651693966081e-01
1.453043650000000042e+01 1.048822864781070729e-01
1.459111500000000028e+01 1.084474412842479085e-01
1.465204810000000002e+01 1.124480079620021472e-01
1.471323010000000053e+01 1.170117942804119737e-01
1.477467249999999943e+01 1.222336003957057438e-01
1.483637140000000088e+01 1.281846529753994102e-01
1.489832400000000057e+01 1.350054346744672951e-01
1.496053979999999939e+01 1.429303734354606115e-01
1.502301499999999912e+01 1.521685703175488236e-01
1.508575060000000079e+01 1.630464099183400739e-01
1.514874460000000056e+01 1.759534884184268400e-01
1.521200559999999946e+01 1.917098047519340542e-01
1.527553080000000030e+01 2.108944016804486510e-01
1.533931729999999938e+01 2.355089565183551004e-01
1.540337470000000053e+01 2.670075672189340943e-01
1.546769910000000081e+01 3.083980628233203292e-01
1.553228760000000008e+01 3.641720657977274289e-01
1.559715079999999965e+01 4.346605313483782873e-01
1.566228390000000026e+01 5.171972278285005276e-01
1.572768970000000088e+01 6.030965517165970402e-01
1.579336359999999928e+01 6.866650035754343628e-01
1.585931680000000021e+01 7.630871419928129118e-01
1.592554570000000069e+01 8.297991356061646950e-01
1.599204639999999955e+01 8.877356269329781391e-01
1.605882839999999945e+01 9.344751887166419246e-01
1.612589069999999936e+01 9.722950097376964473e-01
1.619322779999999895e+01 1.005283180604362503e+00
1.626085090000000122e+01 1.036237076953618441e+00
1.632875629999999845e+01 1.061076113150246192e+00
1.639694400000000130e+01 1.070575841594575639e+00
1.646541399999999911e+01 1.059001920516854156e+00
1.653417400000000015e+01 1.020713128912241308e+00
1.660322000000000031e+01 9.507028797395831177e-01
1.667255019999999988e+01 8.514020404977251655e-01
1.674217409999999973e+01 7.407204350762264244e-01
1.681208990000000014e+01 6.408243867111107495e-01
1.688229180000000085e+01 5.655616089232058386e-01
1.695279310000000095e+01 5.160972906569634144e-01
1.702358819999999895e+01 4.869148742868815161e-01
1.709467890000000168e+01 4.741836416395491249e-01
1.716606140000000025e+01 4.755987177152415368e-01
1.723774530000000027e+01 4.905655556203736278e-01
1.730973050000000057e+01 5.205463827695880896e-01
1.738201139999999967e+01 5.682663950559724286e-01
1.745459939999999932e+01 6.405639241246318116e-01
1.752748869999999926e+01 7.393535553269566796e-01
1.760067940000000064e+01 8.651451510759209373e-01
1.767417909999999992e+01 1.002807397276000767e+00
1.774798579999999859e+01 1.141169576198075131e+00
1.782210159999999988e+01 1.273534394672876102e+00
1.789652249999999967e+01 1.395264120399362318e+00
1.797125820000000118e+01 1.509487123877185422e+00
1.804630470000000031e+01 1.618583719731593762e+00
1.812166210000000177e+01 1.724771222176530117e+00
1.819733809999999963e+01 1.829617385103749827e+00
1.827333069999999893e+01 1.932827666486969909e+00
1.834963420000000056e+01 2.033021514889648884e+00
1.842626190000000008e+01 2.128037882021977190e+00
1.850321010000000044e+01 2.221497285474482553e+00
1.858047489999999868e+01 2.318917269012260363e+00
1.865806579999999926e+01 2.422161758052788549e+00
1.873598289999999977e+01 2.522323394865502610e+00
1.881422420000000173e+01 2.605745132934042196e+00
1.889278600000000097e+01 2.651993666086670309e+00
1.897168350000000103e+01 2.647021036821480156e+00
1.905090900000000076e+01 2.593701669349467664e+00
1.913045879999999954e+01 2.539487112907932165e+00
1.921034810000000093e+01 2.521099826297513946e+00
1.929057119999999870e+01 2.537373883997317225e+00
1.937112240000000085e+01 2.572040718032702067e+00
1.945201679999999911e+01 2.610751010296717300e+00
1.953324890000000025e+01 2.645236988252720689e+00
1.961481859999999955e+01 2.669111576188873070e+00
1.969672389999999851e+01 2.673833436031137545e+00
1.977897829999999857e+01 2.651883058000109816e+00
1.986157419999999973e+01 2.599266725712967130e+00
1.994451139999999967e+01 2.513559359703044560e+00
2.002779960000000159e+01 2.400454969910949643e+00
2.011143489999999900e+01 2.227768523289328506e+00
2.019541549999999930e+01 2.029780492011557858e+00
2.027975079999999863e+01 1.846411257348147705e+00
2.036443900000000085e+01 1.712668618488999650e+00
2.044948199999999972e+01 1.634620685119039241e+00
2.053487210000000118e+01 1.616515413333163176e+00
2.062062639999999902e+01 1.655573785117071761e+00
2.070673749999999913e+01 1.741263168556494101e+00
2.079320339999999945e+01 1.847761860070552764e+00
2.088003540000000058e+01 1.945813838987370037e+00
2.096722979999999836e+01 2.017855005436855365e+00
2.105478480000000019e+01 2.061429760911562603e+00
2.114270780000000016e+01 2.083526387145997472e+00
2.123100090000000151e+01 2.098771014351726194e+00
2.131966020000000128e+01 2.120926190496986496e+00
2.140868569999999949e+01 2.152082999648537776e+00
2.149808880000000144e+01 2.185594590201831888e+00
2.158786389999999855e+01 2.215610488793605004e+00
2.167800899999999942e+01 2.239076465602956922e+00
2.176853559999999987e+01 2.251183716312722183e+00
2.185944179999999903e+01 2.248864209798755898e+00
2.195071980000000167e+01 2.239661723238178581e+00
2.204238700000000151e+01 2.241811029908934216e+00
2.213443570000000094e+01 2.269520374779979033e+00
2.222686960000000056e+01 2.320080522101720444e+00
2.231968309999999889e+01 2.379505812541809373e+00
2.241288949999999858e+01 2.441956606868684432e+00
2.250648500000000141e+01 2.516659962229340408e+00
2.260046579999999850e+01 2.608803229207744767e+00
2.269484519999999961e+01 2.711472552621558396e+00
2.278961939999999942e+01 2.815997800754133973e+00
2.288478279999999998e+01 2.912334592889911367e+00
2.298034859999999924e+01 2.994456295123378631e+00
2.307631489999999985e+01 3.063519006264248556e+00
2.317268179999999944e+01 3.134664934157051164e+00
2.326944350000000128e+01 3.211217456977820461e+00
2.336661720000000031e+01 3.278981694181934081e+00
2.346419530000000009e+01 3.325893247866630986e+00
2.356217579999999856e+01 3.346956763192389772e+00
2.366057209999999955e+01 3.350417496495695868e+00
2.375937839999999923e+01 3.341791179584867155e+00
2.385859110000000172e+01 3.311547460941957510e+00
2.395822330000000022e+01 3.258788579535218499e+00
2.405827329999999975e+01 3.181429714134988984e+00
2.415873339999999914e+01 3.056629110701667873e+00
2.425962069999999926e+01 2.896132458503037466e+00
2.436092760000000013e+01 2.781319863461699793e+00
2.446265980000000084e+01 2.725983244957433715e+00
2.456480790000000169e+01 2.745219394760119336e+00
2.466739079999999973e+01 2.791489662282182760e+00
2.477040290000000056e+01 2.796627309708500153e+00
2.487383649999999946e+01 2.749194269753052033e+00
2.497770879999999849e+01 2.677264363098256883e+00
2.508201599999999942e+01 2.560967641483798740e+00
2.518675229999999843e+01 2.376473145582822077e+00
2.529193120000000050e+01 2.171991344996180295e+00
2.539755059999999887e+01 1.998380321112450009e+00
2.550361059999999824e+01 1.875499764987446305e+00
2.561010549999999952e+01 1.799437835657008877e+00
2.571705439999999854e+01 1.745503712546879971e+00
2.582444759999999917e+01 1.687885130693229652e+00
2.593228339999999932e+01 1.620161748929011436e+00
2.604057690000000136e+01 1.550281724760713908e+00
2.614932250000000025e+01 1.486817685546138135e+00
2.625851439999999926e+01 1.436049708252244761e+00
2.636816980000000044e+01 1.403197952719028363e+00
2.647828289999999996e+01 1.396779746243006270e+00
2.658885769999999837e+01 1.426266929596964550e+00
2.669988439999999841e+01 1.496539873881597593e+00
2.681138229999999822e+01 1.595555555449363228e+00
2.692334749999999843e+01 1.700733630881656744e+00
2.703577230000000142e+01 1.795620581455853015e+00
2.714867209999999886e+01 1.869760373374898421e+00
2.726204489999999936e+01 1.910400209906020885e+00
2.737588500000000025e+01 1.916961545868798078e+00
2.749020579999999825e+01 1.906989433888651275e+00
2.760500529999999841e+01 1.890258132028345139e+00
2.772028350000000074e+01 1.861664418625558648e+00
2.783603480000000019e+01 1.812577512414424996e+00
2.795227810000000090e+01 1.742895230386477090e+00
2.806900789999999901e+01 1.659344603716087274e+00
2.818621440000000078e+01 1.566202746605547480e+00
2.830392069999999904e+01 1.469989591818237740e+00
2.842211719999999886e+01 1.374290012650790427e+00
2.854080009999999845e+01 1.279185352559018440e+00
2.865998649999999870e+01 1.182681202605089910e+00
2.877967070000000049e+01 1.082852543819749602e+00
2.889985469999999879e+01 9.779640341369104650e-01
2.902053259999999923e+01 8.770570876178562791e-01
2.914172170000000150e+01 7.871770617177838991e-01
2.926341820000000027e+01 7.066751921546433612e-01
2.938561250000000058e+01 6.280922807359820004e-01
2.950832750000000004e+01 5.518056092242411559e-01
2.963155360000000016e+01 4.859549998809289950e-01
2.975528720000000149e+01 4.352627277858974186e-01
2.987954519999999903e+01 3.987195016515849844e-01
3.000432209999999955e+01 3.735054539849331778e-01
3.012961960000000161e+01 3.575998851594153760e-01
3.025543210000000016e+01 3.496104504678548275e-01
3.038177870000000169e+01 3.490867605518158667e-01
3.050865359999999882e+01 3.564267201281886011e-01
3.063604929999999982e+01 3.730188200401449161e-01
3.076398470000000174e+01 4.013943978604665452e-01
3.089245610000000042e+01 4.451763583119850431e-01
3.102145390000000091e+01 5.072979093824637742e-01
3.115099909999999994e+01 5.802923126528986009e-01
3.128108599999999839e+01 6.386340990454378863e-01
3.141170689999999865e+01 6.691367608925894439e-01
3.154288100000000128e+01 6.946527924762413431e-01
3.167460439999999977e+01 7.491537232014765513e-01
3.180687710000000124e+01 8.530536163108818348e-01
3.193969350000000063e+01 1.002804524832117572e+00
3.207307430000000181e+01 1.182627097407869421e+00
3.220701220000000120e+01 1.379116811363306327e+00
3.234149930000000239e+01 1.586804050337536909e+00
3.247655489999999645e+01 1.802234379833975941e+00
3.261217880000000235e+01 2.015355201625537163e+00
3.274835970000000174e+01 2.199371079572884469e+00
3.288511660000000347e+01 2.329412157551939089e+00
3.302244189999999691e+01 2.405706103491569881e+00
3.316034319999999980e+01 2.462782073591056609e+00
3.329881290000000149e+01 2.521517453769705597e+00
3.343786999999999665e+01 2.581491582405898821e+00
3.357750320000000244e+01 2.639441143264899647e+00
3.371771619999999814e+01 2.681805088330236231e+00
3.385852049999999736e+01 2.672622462910580143e+00
3.399991229999999831e+01 2.596616610644086887e+00
3.414188769999999806e+01 2.475935354191028281e+00
3.428446199999999777e+01 2.332414934391603634e+00
3.442763519999999744e+01 2.176407202961943455e+00
3.457140350000000240e+01 2.008541197241541454e+00
3.471576689999999843e+01 1.838031603287708204e+00
3.486073679999999797e+01 1.669360098784171242e+00
3.500631709999999686e+01 1.493718924449650931e+00
3.515249250000000103e+01 1.311010027582935278e+00
3.529928970000000277e+01 1.145810442124989947e+00
3.544670099999999735e+01 1.018808605762959063e+00
3.559471510000000194e+01 9.227825030774883253e-01
3.574335860000000054e+01 8.525634721977081165e-01
3.589262389999999669e+01 8.210093642395668301e-01
3.604251099999999752e+01 8.378185953800928454e-01
3.619301219999999830e+01 8.911909109430611320e-01
3.634415440000000075e+01 9.418387836921069400e-01
3.649592969999999781e+01 9.147363190382459264e-01
3.664832690000000071e+01 8.172013003052500668e-01
3.680136869999999760e+01 7.118233918661764914e-01
3.695505140000000210e+01 6.133892675710601594e-01
3.710936360000000178e+01 5.194867076763539648e-01
3.726433180000000078e+01 4.323445478147307508e-01
3.741994859999999790e+01 3.567022872775520437e-01
3.757621379999999789e+01 2.946998769797649631e-01
3.773312380000000132e+01 2.460630138048852111e-01
3.789069369999999992e+01 2.092211599330406346e-01
3.804892730000000256e+01 1.808279787490572055e-01
3.820780940000000214e+01 1.587865976043071892e-01
3.836736299999999744e+01 1.417955836685493576e-01
3.852758790000000033e+01 1.285347507933238265e-01
3.868846510000000194e+01 1.180965778239194547e-01
3.885002899999999926e+01 1.091941278484618305e-01
3.901226810000000000e+01 1.007591012180158591e-01
3.917518230000000301e+01 9.261773024042999070e-02
3.933876800000000173e+01 8.533023698206525232e-02
3.950304409999999677e+01 7.911902141075195793e-02
3.966801070000000351e+01 7.379802805879706606e-02
3.983365249999999946e+01 6.918941471624107109e-02
3.999999619999999823e+01 6.515904210077275160e-02
4.229427720000000335e+01 2.918335083828793586e-02
4.472013849999999735e+01 1.307065699298261795e-02
4.728515620000000297e+01 5.854063637301818585e-03
4.999729159999999695e+01 1.364394393652488061e-02
5.286497500000000116e+01 1.071360252700415128e-02
5.589715189999999723e+01 8.616220148354227296e-03
5.910324479999999880e+01 7.051227039303269162e-03
6.249321750000000009e+01 5.855865484153752708e-03
6.607764430000000289e+01 4.914474894869377657e-03
6.986763759999999479e+01 4.158995834266086301e-03
7.387503809999999760e+01 3.547954705152422429e-03
7.811228939999999454e+01 3.047080359210438925e-03
8.259255980000000363e+01 2.625511994068510744e-03
8.732982640000000174e+01 2.276891606172149873e-03
9.233880619999999340e+01 1.979625847633473441e-03
9.763505550000000710e+01 1.728425871865888960e-03
1.032350849999999980e+02 1.514637277754053366e-03
1.091563419999999951e+02 1.328399639683630791e-03
1.154172290000000061e+02 1.167119129115557537e-03
1.220372160000000008e+02 1.028126163157428623e-03
1.290369110000000035e+02 9.158930903389489757e-04
1.364380800000000136e+02 8.162510469093287859e-04
1.442636870000000044e+02 7.277221739204669864e-04
1.525382229999999879e+02 6.490125327228760382e-04
1.612873690000000124e+02 5.789910109309880483e-04
1.705383300000000020e+02 5.166644403333771948e-04
1.803199009999999873e+02 4.611595806477078604e-04
1.906625209999999981e+02 4.117076603913794194e-04
2.015982510000000048e+02 3.676312907652831523e-04
2.131613309999999899e+02 3.283311188404275816e-04
2.253876190000000008e+02 2.932785621752751967e-04
2.383151860000000113e+02 2.620052870132003118e-04
2.519842380000000048e+02 2.340965154497600125e-04
2.664371639999999957e+02 2.091846107909276636e-04
2.817192079999999805e+02 1.869426221623303084e-04
2.978777769999999805e+02 1.670808267094955988e-04
3.149631650000000036e+02 1.493414602013254714e-04
3.330285339999999792e+02 1.334952909879639712e-04
3.521300659999999993e+02 1.193383522542625444e-04
3.723269960000000083e+02 1.066891182129436872e-04
3.936825559999999768e+02 9.538555032929608632e-05
4.162630310000000122e+02 8.528358361242786487e-05
4.401386410000000069e+02 7.625469970617997821e-05
4.653836979999999812e+02 6.818426099543389309e-05
4.920767210000000205e+02 6.097002065730611404e-05
5.203004760000000033e+02 5.452079274508120176e-05
5.501433719999999994e+02 4.875500411018348322e-05
5.816979979999999841e+02 4.360001997664387694e-05
6.150624390000000403e+02 3.899093669831074464e-05
6.503405760000000555e+02 3.486976644347153625e-05
6.876418459999999868e+02 3.118475440033524268e-05
7.270829469999999901e+02 2.788957625842380852e-05
7.687862549999999828e+02 2.494293436598578681e-05
8.128815309999999954e+02 2.230789377409053001e-05
8.595060419999999795e+02 1.995144462463140312e-05
9.088047490000000153e+02 1.784409326682105857e-05
9.609305419999999458e+02 1.595948846930536622e-05
1.016046690000000012e+03 1.427402264344718524e-05
1.074324100000000044e+03 1.276664881482265462e-05
1.135944089999999960e+03 1.141853092484029731e-05
1.201098510000000033e+03 1.021282651666599905e-05
1.269989990000000034e+03 9.134481280391154969e-06
1.342832149999999956e+03 8.170041743869850358e-06
1.419853029999999990e+03 7.307451968288491120e-06
1.501291500000000042e+03 6.535958742223906620e-06
1.587401119999999992e+03 5.845935264165208933e-06
1.678449830000000020e+03 5.228774539189396451e-06
1.774719730000000027e+03 4.676786014200682578e-06
1.876512330000000020e+03 4.183074805809801404e-06
1.984143550000000005e+03 3.741490300679851994e-06
2.097948240000000169e+03 3.346527522895773500e-06
2.218280270000000201e+03 2.993263621957457519e-06
2.345514160000000174e+03 2.677294779826594028e-06
2.480044679999999971e+03 2.394684967213209117e-06
2.622292480000000069e+03 2.141907668954339797e-06
2.772699459999999817e+03 1.915814604651256501e-06
2.931733400000000074e+03 1.713588784361869803e-06
3.099888919999999871e+03 1.532710572420391321e-06
3.277689210000000003e+03 1.370926153967793775e-06
3.465685789999999997e+03 1.226220911625917908e-06
3.664467290000000048e+03 1.096789138301714207e-06
3.874650389999999788e+03 9.810198230285069193e-07
4.096888670000000275e+03 8.774708593992451954e-07
4.331874020000000201e+03 7.848520223901390539e-07
4.580334960000000137e+03 7.020103243993842749e-07
4.843049799999999777e+03 6.279120534243754164e-07
5.120832519999999931e+03 5.616352957333330389e-07
5.414548340000000280e+03 5.023541984179993542e-07
5.725110840000000280e+03 4.493303840285360411e-07
6.053486329999999725e+03 4.019033523431934530e-07
6.400692380000000412e+03 3.594827975093538612e-07
6.767817380000000412e+03 3.215393289504113632e-07
7.155999020000000201e+03 2.876008922003153652e-07
7.566446289999999863e+03 2.572446426176869679e-07
8.000435059999999794e+03 2.300925543160943171e-07
8.459316409999999451e+03 2.058063701198469321e-07
8.944512699999999313e+03 1.840838141690949436e-07
9.457542970000000423e+03 1.646538879983894237e-07
1.000000000000000000e+04 1.472747636242237238e-07
