698   0.1   3.71
4.999999329999999659e-02 1.664064326801796057e+00
5.238078530000000316e-02 1.708666716895533400e+00
5.487493799999999811e-02 1.749526034288712673e+00
5.748785289999999715e-02 1.786665843469882331e+00
6.022516640000000199e-02 1.819747807227305003e+00
6.309283520000000256e-02 1.848913187342084097e+00
6.609705089999999561e-02 1.873799857953434733e+00
6.924431770000000208e-02 1.895091030621304684e+00
7.254143799999999975e-02 1.911814145330371639e+00
7.599553470000000588e-02 1.925272985301332618e+00
7.961412519999999660e-02 1.934302895459412586e+00
8.340501790000000304e-02 1.939812574304636605e+00
8.737641570000000135e-02 1.941553221699066079e+00
9.153690929999999670e-02 1.939378498798002282e+00
9.589551390000000675e-02 1.931558615976773030e+00
1.004616390000000054e-01 1.928555679726668082e+00
1.052452029999999955e-01 1.980531738500610262e+00
1.102565229999999952e-01 2.010974223623021473e+00
1.155064779999999958e-01 2.033476545712364913e+00
1.210064069999999964e-01 2.050556520994557541e+00
1.267682159999999891e-01 2.063074586699633617e+00
1.328043790000000002e-01 2.068499435279660847e+00
1.391279699999999897e-01 2.066128890674550966e+00
1.457526389999999894e-01 2.055716678807772091e+00
1.526927650000000081e-01 2.032063978045464125e+00
1.599633540000000020e-01 1.978377067452976368e+00
1.675801130000000028e-01 1.862250928331883104e+00
1.755595799999999929e-01 1.658159651995523065e+00
1.839189830000000081e-01 1.401144190417266122e+00
1.926764099999999924e-01 1.117435665357113139e+00
2.018508460000000004e-01 8.742007934134533587e-01
2.114621399999999929e-01 6.405199277760531551e-01
2.215310480000000082e-01 4.979639425435860578e-01
2.320794310000000027e-01 3.910035560662390441e-01
2.431300730000000021e-01 3.033510589483504605e-01
2.547068889999999919e-01 2.719170880706048288e-01
2.668349440000000183e-01 2.789144924577909301e-01
2.795405089999999926e-01 2.966593514981217261e-01
2.928510009999999997e-01 2.950344887816018780e-01
3.067953589999999897e-01 2.670345744262526688e-01
3.214036230000000272e-01 2.009058851795651746e-01
3.367075319999999761e-01 1.098900286929285069e-01
3.527401090000000239e-01 3.814279047557943281e-02
3.695360719999999932e-01 2.548014082038177475e-02
3.871318400000000048e-01 1.253378287263690050e-02
4.055654109999999868e-01 4.847831824089077722e-03
4.248766900000000013e-01 5.858132902320933519e-03
4.451075489999999912e-01 2.243113786985046713e-03
4.663016500000000120e-01 1.204776732523897076e-03
4.885049459999999955e-01 9.920970195125868030e-04
5.117654799999999948e-01 8.079081539017723794e-04
5.361335870000000225e-01 7.231314783888485127e-04
5.616619590000000439e-01 5.991282977019433791e-04
5.884059670000000297e-01 4.099778651154027177e-04
6.164233679999999715e-01 3.615037443839444020e-04
6.457748410000000439e-01 3.650196717017195917e-04
6.765238639999999748e-01 3.537208838564390688e-04
7.087370750000000497e-01 3.458479213036960774e-04
7.424841519999999528e-01 4.090029177111067040e-04
7.778380510000000303e-01 5.345340773032509606e-04
8.148754240000000149e-01 6.759928268036452309e-04
8.536763189999999613e-01 7.660668173132639770e-04
8.943247199999999619e-01 7.766945493477864183e-04
9.369087219999999716e-01 7.911229333566170436e-04
9.815202950000000426e-01 9.166792509384113228e-04
1.028256180000000075e+00 1.234740982903868335e-03
1.077217340000000023e+00 1.663576183751641234e-03
1.128509879999999965e+00 1.931696001917933368e-03
1.182244660000000058e+00 1.829397429201594155e-03
1.238538149999999893e+00 1.393596350450577830e-03
1.297512049999999917e+00 9.802728267636518118e-04
1.359294060000000082e+00 8.171939674442779212e-04
1.424017910000000109e+00 6.076106801883695684e-04
1.491823670000000046e+00 3.750180622434322710e-04
1.562857869999999982e+00 2.162772516842274579e-04
1.637274619999999903e+00 1.568211902914252174e-04
1.715234640000000033e+00 1.325346630073177909e-04
1.796906829999999955e+00 1.166240202165901886e-04
1.882467869999999932e+00 1.010601913335149206e-04
1.972102999999999939e+00 8.626813673136372049e-05
2.066006180000000025e+00 7.381363351464595435e-05
2.164380550000000181e+00 6.403436132698347408e-05
2.267439130000000080e+00 5.706579150229500370e-05
2.375405069999999785e+00 5.306893195676622231e-05
2.488511799999999941e+00 5.191092148109314054e-05
2.607004170000000176e+00 5.337051206573373388e-05
2.731138710000000192e+00 5.686136238710086041e-05
2.861183880000000013e+00 6.180511428518340356e-05
2.997421259999999865e+00 6.764618938187270134e-05
3.140145780000000109e+00 7.436513366073318099e-05
3.289666180000000217e+00 8.235182284599679560e-05
3.446306229999999804e+00 9.238380498135113483e-05
3.610404490000000077e+00 1.053836739929397238e-04
3.782316680000000098e+00 1.220261636943575077e-04
3.962414739999999824e+00 1.427624881775290267e-04
4.151087760000000237e+00 1.682134136304348185e-04
4.348745349999999732e+00 1.978847738804005490e-04
4.555814269999999944e+00 2.307479783980117562e-04
4.772742270000000175e+00 2.673551021885017917e-04
5.000000000000000000e+00 2.942537051532743302e-04
5.020879270000000005e+00 2.983939782020161749e-04
5.041846750000000377e+00 3.025193117855373920e-04
5.062900540000000227e+00 3.066292536538673275e-04
5.084043499999999938e+00 3.108990603853646834e-04
5.105273719999999571e+00 3.153869370278733356e-04
5.126592640000000145e+00 3.198584750581701152e-04
5.148001189999999561e+00 3.243138016134331945e-04
5.169498439999999917e+00 3.292380343606956389e-04
5.191086290000000325e+00 3.341943382037871929e-04
5.212763309999999706e+00 3.391323760788152977e-04
5.234531399999999834e+00 3.443423296614624390e-04
5.256390569999999762e+00 3.499055316051260405e-04
5.278340339999999742e+00 3.554483851825773104e-04
5.300382609999999772e+00 3.609845814526634273e-04
5.322516440000000237e+00 3.672419580451124024e-04
5.344742769999999865e+00 3.734768851685970302e-04
5.367062090000000119e+00 3.796894490242929028e-04
5.389474390000000170e+00 3.863385005302606440e-04
5.411980630000000403e+00 3.932156130697269649e-04
5.434580330000000181e+00 4.000681166511217647e-04
5.457274439999999949e+00 4.070989736311454851e-04
5.480063920000000088e+00 4.145348428506764448e-04
5.502947810000000217e+00 4.219442153533523900e-04
5.525928020000000274e+00 4.293501657361400363e-04
5.549003599999999814e+00 4.372620040101220977e-04
5.572175500000000170e+00 4.451462428325211776e-04
5.595444679999999948e+00 4.530032659856284873e-04
5.618810650000000351e+00 4.613276572405018597e-04
5.642274859999999670e+00 4.697434548997454274e-04
5.665836330000000309e+00 4.781300613593923439e-04
5.689496039999999866e+00 4.872402478571129301e-04
5.713254929999999732e+00 4.967952187658583639e-04
5.737112999999999907e+00 5.063177076290746375e-04
5.761070250000000392e+00 5.167228554169842666e-04
5.785128590000000237e+00 5.281589988748243598e-04
5.809286120000000331e+00 5.395557327999170403e-04
5.833545680000000289e+00 5.518778149991206963e-04
5.857905859999999798e+00 5.659299412219657727e-04
5.882367610000000191e+00 5.799343978088005976e-04
5.906932349999999943e+00 5.954163025469138247e-04
5.931599140000000325e+00 6.147238442305960919e-04
5.956369399999999814e+00 6.339666946078313442e-04
5.981242179999999742e+00 6.531438088896505912e-04
6.006218910000000299e+00 6.722565968878024042e-04
6.031301019999999902e+00 6.913061267224064783e-04
6.056487080000000134e+00 7.102913484209812415e-04
6.081778530000000238e+00 7.292134598047963828e-04
6.107175350000000336e+00 7.480723115429190832e-04
6.132678030000000113e+00 7.691843342658583873e-04
6.158287999999999762e+00 7.908397042663361078e-04
6.184004309999999727e+00 8.124242313614681368e-04
6.209828850000000067e+00 8.339397007206799523e-04
6.235760209999999581e+00 8.553850526501665177e-04
6.261799810000000299e+00 8.767612579377628270e-04
6.287949089999999686e+00 8.980697259925138646e-04
6.314206600000000336e+00 9.193093955043309898e-04
6.340574740000000098e+00 9.380791769617897059e-04
6.367052079999999670e+00 9.551254661404042987e-04
6.393639560000000444e+00 9.721207837105645807e-04
6.420339580000000268e+00 9.890665711009651636e-04
6.447150230000000093e+00 1.005961733692593970e-03
6.474073409999999917e+00 1.022807563758848775e-03
6.501108170000000186e+00 1.039603559123666691e-03
6.528255940000000201e+00 1.056350603013624448e-03
6.555517670000000408e+00 1.065708095223128274e-03
6.582892890000000108e+00 1.071273601563399111e-03
6.610383030000000382e+00 1.076828261658562816e-03
6.637986660000000150e+00 1.082371587031647625e-03
6.665706160000000047e+00 1.087904071521218633e-03
6.693541999999999881e+00 1.093426062041169284e-03
6.721493240000000036e+00 1.098937030603497518e-03
6.749562260000000258e+00 1.104437786204224333e-03
6.777747630000000356e+00 1.098041567719982691e-03
6.806050299999999886e+00 1.091481854292910983e-03
6.834472660000000310e+00 1.084946190908997422e-03
6.863012310000000227e+00 1.078434290868123500e-03
6.891672129999999896e+00 1.071947193792578733e-03
6.920450690000000016e+00 1.065484384146733743e-03
6.949349400000000010e+00 1.059045580657175765e-03
6.978370189999999695e+00 1.061918613034063853e-03
7.007510660000000335e+00 1.065005044210771490e-03
7.036774160000000222e+00 1.068091993504244764e-03
7.066158770000000366e+00 1.071179045078940375e-03
7.095665930000000010e+00 1.074266418668027917e-03
7.125297549999999980e+00 1.077354433305512116e-03
7.155051710000000398e+00 1.086630484780554129e-03
7.184930800000000062e+00 1.126185082656844293e-03
7.214934350000000052e+00 1.165664983114533208e-03
7.245062830000000176e+00 1.205071253907435492e-03
7.275318150000000372e+00 1.244406383823220804e-03
7.305698869999999623e+00 1.283668823898898720e-03
7.336207390000000217e+00 1.322861891675473087e-03
7.366842270000000248e+00 1.397081963648356961e-03
7.397605419999999654e+00 1.499957494739205012e-03
7.428497789999999767e+00 1.602666017451981036e-03
7.459517960000000336e+00 1.705203488196223218e-03
7.490667819999999644e+00 1.807576687206352778e-03
7.521948809999999597e+00 1.909791546495094930e-03
7.553359509999999943e+00 2.020643254419734764e-03
7.584902289999999603e+00 2.204921960589916515e-03
7.616575720000000160e+00 2.388951684933012486e-03
7.648381230000000031e+00 2.572739692265816388e-03
7.680321219999999727e+00 2.756305606481432476e-03
7.712392809999999876e+00 2.939629291301678986e-03
7.744599820000000356e+00 3.175332273994853610e-03
7.776940350000000279e+00 3.444701955661041721e-03
7.809415819999999897e+00 3.713845142328504791e-03
7.842027660000000289e+00 3.982788212257342038e-03
7.874774930000000062e+00 4.251519618735164277e-03
7.907660009999999851e+00 4.541718408905707181e-03
7.940680979999999778e+00 4.903270309372976393e-03
7.973840240000000357e+00 5.264781528637546559e-03
8.007139210000000062e+00 5.626270328413044211e-03
8.040575979999999845e+00 5.987720896629342149e-03
8.074152950000000217e+00 6.349163694430549204e-03
8.107870099999999525e+00 6.808684251235612786e-03
8.141726489999999927e+00 7.271064927687915028e-03
8.175726889999999969e+00 7.733851125114375377e-03
8.209867479999999773e+00 8.196997872972544216e-03
8.244152070000000165e+00 8.660563653779701845e-03
8.278577800000000764e+00 9.217044094336882681e-03
8.313148500000000496e+00 9.793428427899692965e-03
8.347864149999999483e+00 1.037079954351213806e-02
8.382723809999999887e+00 1.107122411754461570e-02
8.417729380000000816e+00 1.186185859071969828e-02
8.452880860000000496e+00 1.265436614823581447e-02
8.488179210000000197e+00 1.358088993948910334e-02
8.523625369999999535e+00 1.473261206011731127e-02
8.559219360000000165e+00 1.588786596655570801e-02
8.594962119999999928e+00 1.715128791373665001e-02
8.630853650000000599e+00 1.881706766197146358e-02
8.666894909999999896e+00 2.048915687712635214e-02
8.703087809999999536e+00 2.221262721842755250e-02
8.739430430000000527e+00 2.442684877775376170e-02
8.775926589999999194e+00 2.666299517150034007e-02
8.812573430000000485e+00 2.937883251816330796e-02
8.849373820000000279e+00 3.210629632840092396e-02
8.886328699999999969e+00 3.536133760711183960e-02
8.923436159999999617e+00 3.863701654436729055e-02
8.960700989999999422e+00 4.246423122545642942e-02
8.998119349999999628e+00 4.632414236192489848e-02
9.035694120000000495e+00 5.071942833491595998e-02
9.073427199999999360e+00 5.514514512467775381e-02
9.111316679999999835e+00 5.992970993582688588e-02
9.149365429999999577e+00 6.472107147398395433e-02
9.187571529999999598e+00 6.964331389959449448e-02
9.225937840000000278e+00 7.454240203039311230e-02
9.264465330000000165e+00 7.932845337353958137e-02
9.303152080000000268e+00 8.404172895447256653e-02
9.342001910000000464e+00 8.834704229408775478e-02
9.381012919999999866e+00 9.259262554824614078e-02
9.420187000000000310e+00 9.664695374437420883e-02
9.459526059999999958e+00 1.000971854707153469e-01
9.499027249999999256e+00 1.034767829063039241e-01
9.538695340000000300e+00 1.064997429137240353e-01
9.578527449999999277e+00 1.089109093945886536e-01
9.618525509999999556e+00 1.112561731312670943e-01
9.658693310000000309e+00 1.130293690518998084e-01
9.699026110000000145e+00 1.142956400747611179e-01
9.739527700000000010e+00 1.155143508893195919e-01
9.780200000000000671e+00 1.160965527544896431e-01
9.821041109999999463e+00 1.163396849397796695e-01
9.862053870000000444e+00 1.161693234039313516e-01
9.903236390000000000e+00 1.157123181157613256e-01
9.944590570000000795e+00 1.150723327144320546e-01
9.986119269999999659e+00 1.141808110702962759e-01
1.002781960000000083e+01 1.130816584422326271e-01
1.006969549999999991e+01 1.118866190792063703e-01
1.011174680000000059e+01 1.107024749553403159e-01
1.015397070000000035e+01 1.092987417388282256e-01
1.019637389999999932e+01 1.078056286712708867e-01
1.023895360000000032e+01 1.063299897407903039e-01
1.028170869999999937e+01 1.046793476504832426e-01
1.032464500000000029e+01 1.029819968524743889e-01
1.036776069999999983e+01 1.013055643947320950e-01
1.041105370000000008e+01 9.949415377777559577e-02
1.045452979999999954e+01 9.767346145871200203e-02
1.049818800000000074e+01 9.587488203114542806e-02
1.054202839999999952e+01 9.398152313794988499e-02
1.058604910000000032e+01 9.210530165312626194e-02
1.063025670000000034e+01 9.024217705493674246e-02
1.067464829999999942e+01 8.833539527180302164e-02
1.071922299999999950e+01 8.644949101291475591e-02
1.076398559999999982e+01 8.457444861357912846e-02
1.080893610000000038e+01 8.269738301427871641e-02
1.085407159999999926e+01 8.083915223687725138e-02
1.089939790000000031e+01 7.900483331153804190e-02
1.094491389999999953e+01 7.719206720470365990e-02
1.099061679999999974e+01 7.539562249141819328e-02
1.103651329999999930e+01 7.364728230788614161e-02
1.108260150000000088e+01 7.192126688510004640e-02
1.112888240000000017e+01 7.024200815683809274e-02
1.117535400000000045e+01 6.859526721707126518e-02
1.122202210000000022e+01 6.699210287349509352e-02
1.126888560000000084e+01 6.543567386935164598e-02
1.131594089999999930e+01 6.391823110925615170e-02
1.136319639999999964e+01 6.246562406320742278e-02
1.141064929999999933e+01 6.104512152835378513e-02
1.145829679999999939e+01 5.970945914532112958e-02
1.150614640000000044e+01 5.838415128943328508e-02
1.155419640000000037e+01 5.706951589724142127e-02
1.160244660000000039e+01 5.576846710828975429e-02
1.165089509999999962e+01 5.447796545889867920e-02
1.169954869999999936e+01 5.319780825170054156e-02
1.174840640000000036e+01 5.178923030621711970e-02
1.179746440000000085e+01 5.039034830254004310e-02
1.184673019999999966e+01 4.900223441803377294e-02
1.189620210000000000e+01 4.735891943202947402e-02
1.194587710000000058e+01 4.570798981895168867e-02
1.199576380000000064e+01 4.406804767707498544e-02
1.204585739999999916e+01 4.207670062366233171e-02
1.209616089999999922e+01 4.006160408662214761e-02
1.214667129999999950e+01 3.805646624872741079e-02
1.219739530000000016e+01 3.596392170506173408e-02
1.224833199999999955e+01 3.375518483398397274e-02
1.229947759999999946e+01 3.155256760206388844e-02
1.235084059999999972e+01 2.935700424958533755e-02
1.240241720000000036e+01 2.722915432618267656e-02
1.245420649999999974e+01 2.510272768222686010e-02
1.250621510000000036e+01 2.297750011372529794e-02
1.255844120000000075e+01 2.107902040093004303e-02
1.261088469999999973e+01 1.930544630085923030e-02
1.266354469999999921e+01 1.752919468380658569e-02
1.271642680000000070e+01 1.594221581191801809e-02
1.276953119999999942e+01 1.477868095308180682e-02
1.282285309999999967e+01 1.361078322673169375e-02
1.287640090000000015e+01 1.243827426141143853e-02
1.293017290000000052e+01 1.159203272008765134e-02
1.298416609999999949e+01 1.100168224949654369e-02
1.303838730000000012e+01 1.040807845174836731e-02
1.309283540000000023e+01 9.811169845679297216e-03
1.314751150000000024e+01 9.593426243218908939e-03
1.320241170000000075e+01 9.432532738892083352e-03
1.325754449999999984e+01 9.270804459075432727e-03
1.331290820000000075e+01 9.174633520373818435e-03
1.336849980000000038e+01 9.297620919104054513e-03
1.342432589999999948e+01 9.421633329847431057e-03
1.348038580000000053e+01 9.546684049204770192e-03
1.353667639999999928e+01 9.798723711521340612e-03
1.359320549999999983e+01 1.011969209133756556e-02
1.364997100000000074e+01 1.044217788597195939e-02
1.370697310000000080e+01 1.076619989589656413e-02
1.376420970000000032e+01 1.109177093701591184e-02
1.382168869999999927e+01 1.141895357866763022e-02
1.387940790000000035e+01 1.175973875009680807e-02
1.393736460000000044e+01 1.224686790412851146e-02
1.399556639999999952e+01 1.273486553457584339e-02
1.405401230000000012e+01 1.322374109505976975e-02
1.411269760000000062e+01 1.371346330753533613e-02
1.417163279999999936e+01 1.420413768379593170e-02
1.423081299999999949e+01 1.469573412434280364e-02
1.429023650000000067e+01 1.524053934395180887e-02
1.434991259999999968e+01 1.581039170295953783e-02
1.440983770000000064e+01 1.638008904546581559e-02
1.447001359999999970e+01 1.694965966467584448e-02
1.453043650000000042e+01 1.751906585068448499e-02
1.459111500000000028e+01 1.808839834397601293e-02
1.465204810000000002e+01 1.865679741555905519e-02
1.471323010000000053e+01 1.922349599488052188e-02
1.477467249999999943e+01 1.978948150897701097e-02
1.483637140000000088e+01 2.035472206995613681e-02
1.489832400000000057e+01 2.091919233964144309e-02
1.496053979999999939e+01 2.148297667374240300e-02
1.502301499999999912e+01 2.202461793318399169e-02
1.508575060000000079e+01 2.252869833006703598e-02
1.514874460000000056e+01 2.303199354820001377e-02
1.521200559999999946e+01 2.353456512663648637e-02
1.527553080000000030e+01 2.403640220736284056e-02
1.533931729999999938e+01 2.453746931012000185e-02
1.540337470000000053e+01 2.502432969054356471e-02
1.546769910000000081e+01 2.549341305597872115e-02
1.553228760000000008e+01 2.596172739899630169e-02
1.559715079999999965e+01 2.642935126405606544e-02
1.566228390000000026e+01 2.689624992199492540e-02
1.572768970000000088e+01 2.736244391996420569e-02
1.579336359999999928e+01 2.783986332854628334e-02
1.585931680000000021e+01 2.832265086830809339e-02
1.592554570000000069e+01 2.880458817126282239e-02
1.599204639999999955e+01 2.928564803522650320e-02
1.605882839999999945e+01 2.976589907131461932e-02
1.612589069999999936e+01 3.024622107778995525e-02
1.619322779999999895e+01 3.074863340216391419e-02
1.626085090000000122e+01 3.129273954882535319e-02
1.632875629999999845e+01 3.183571279655072334e-02
1.639694400000000130e+01 3.237754090448570488e-02
1.646541399999999911e+01 3.291823290932387180e-02
1.653417400000000015e+01 3.350835489141683332e-02
1.660322000000000031e+01 3.414816394265224320e-02
1.667255019999999988e+01 3.478625129567679275e-02
1.674217409999999973e+01 3.542269982560842384e-02
1.681208990000000014e+01 3.605749692317401084e-02
1.688229180000000085e+01 3.669873097590568845e-02
1.695279310000000095e+01 3.740843385817281541e-02
1.702358819999999895e+01 3.811568379493436576e-02
1.709467890000000168e+01 3.882048834835153533e-02
1.716606140000000025e+01 3.952279924329005212e-02
1.723774530000000027e+01 4.022270030387827683e-02
1.730973050000000057e+01 4.095276511843085054e-02
1.738201139999999967e+01 4.168614303921975434e-02
1.745459939999999932e+01 4.241615504841477619e-02
1.752748869999999926e+01 4.314275332050072215e-02
1.760067940000000064e+01 4.386581080635482133e-02
1.767417909999999992e+01 4.458473042156643751e-02
1.774798579999999859e+01 4.529894312595788425e-02
1.782210159999999988e+01 4.600856155549661042e-02
1.789652249999999967e+01 4.671355950284535041e-02
1.797125820000000118e+01 4.741401230439591663e-02
1.804630470000000031e+01 4.805249726547413530e-02
1.812166210000000177e+01 4.871132788395299978e-02
1.819733809999999963e+01 4.936465891202834744e-02
1.827333069999999893e+01 5.000018769441554739e-02
1.834963420000000056e+01 5.060202538212455609e-02
1.842626190000000008e+01 5.119781273364871349e-02
1.850321010000000044e+01 5.178542295185779853e-02
1.858047489999999868e+01 5.231781019496634794e-02
1.865806579999999926e+01 5.284391695675518669e-02
1.873598289999999977e+01 5.336373202867029930e-02
1.881422420000000173e+01 5.382671858305783374e-02
1.889278600000000097e+01 5.427234964453969690e-02
1.897168350000000103e+01 5.471177222393826256e-02
1.905090900000000076e+01 5.510030436155179817e-02
1.913045879999999954e+01 5.545794837608114536e-02
1.921034810000000093e+01 5.580970443797560882e-02
1.929057119999999870e+01 5.612029392382670429e-02
1.937112240000000085e+01 5.639076783725008313e-02
1.945201679999999911e+01 5.665585571340463894e-02
1.953324890000000025e+01 5.688773798150981859e-02
1.961481859999999955e+01 5.707441012208310654e-02
1.969672389999999851e+01 5.725629984590713262e-02
1.977897829999999857e+01 5.741022327570784178e-02
1.986157419999999973e+01 5.751703258787978917e-02
1.994451139999999967e+01 5.761981055153030801e-02
2.002779960000000159e+01 5.769735406626590873e-02
2.011143489999999900e+01 5.772887215695207686e-02
2.019541549999999930e+01 5.775715925063493877e-02
2.027975079999999863e+01 5.776093031540417699e-02
2.036443900000000085e+01 5.772292952692237300e-02
2.044948199999999972e+01 5.768251001734851086e-02
2.053487210000000118e+01 5.761646499557100676e-02
2.062062639999999902e+01 5.751483651889443410e-02
2.070673749999999913e+01 5.741158620509488608e-02
2.079320339999999945e+01 5.728005287809751628e-02
2.088003540000000058e+01 5.712068479930332288e-02
2.096722979999999836e+01 5.696048051811734153e-02
2.105478480000000019e+01 5.675320764352982661e-02
2.114270780000000016e+01 5.651822551298807396e-02
2.123100090000000151e+01 5.628342493847889733e-02
2.131966020000000128e+01 5.604889726390780563e-02
2.140868569999999949e+01 5.581463161921672300e-02
2.149808880000000144e+01 5.558060369694419606e-02
2.158786389999999855e+01 5.526049779474082047e-02
2.167800899999999942e+01 5.494000077267815335e-02
2.176853559999999987e+01 5.462099628627777731e-02
2.185944179999999903e+01 5.430347990246712359e-02
2.195071980000000167e+01 5.398750255030483614e-02
2.204238700000000151e+01 5.363718487406672619e-02
2.213443570000000094e+01 5.324741488593789929e-02
2.222686960000000056e+01 5.286018639050554802e-02
2.231968309999999889e+01 5.247552215730852399e-02
2.241288949999999858e+01 5.209336529746749767e-02
2.250648500000000141e+01 5.170908371178133123e-02
2.260046579999999850e+01 5.126508423640215723e-02
2.269484519999999961e+01 5.082439859558347123e-02
2.278961939999999942e+01 5.038704189585514054e-02
2.288478279999999998e+01 4.995302520867732354e-02
2.298034859999999924e+01 4.952229153313167376e-02
2.307631489999999985e+01 4.904928981192661214e-02
2.317268179999999944e+01 4.856836025479437102e-02
2.326944350000000128e+01 4.809135171049337687e-02
2.336661720000000031e+01 4.761815652897429668e-02
2.346419530000000009e+01 4.714881306257292376e-02
2.356217579999999856e+01 4.665307186593411343e-02
2.366057209999999955e+01 4.614399224737607969e-02
2.375937839999999923e+01 4.563912729986783351e-02
2.385859110000000172e+01 4.513847478230256088e-02
2.395822330000000022e+01 4.464196492498809232e-02
2.405827329999999975e+01 4.412717483683266384e-02
2.415873339999999914e+01 4.360065325817043258e-02
2.425962069999999926e+01 4.307843572441397151e-02
2.436092760000000013e+01 4.256054912290807568e-02
2.446265980000000084e+01 4.204692270653124370e-02
2.456480790000000169e+01 4.151875525286215923e-02
2.466739079999999973e+01 4.098396310920975061e-02
2.477040290000000056e+01 4.045345972028586978e-02
2.487383649999999946e+01 3.992732887268888448e-02
2.497770879999999849e+01 3.940543907814436642e-02
2.508201599999999942e+01 3.887232626257149104e-02
2.518675229999999843e+01 3.833923974890673936e-02
2.529193120000000050e+01 3.781030844356069592e-02
2.539755059999999887e+01 3.728273748982868785e-02
2.550361059999999824e+01 3.674897928050752105e-02
2.561010549999999952e+01 3.621930044950573413e-02
2.571705439999999854e+01 3.569358865403566422e-02
2.582444759999999917e+01 3.516487654807107233e-02
2.593228339999999932e+01 3.463694795816415345e-02
2.604057690000000136e+01 3.411282534774510294e-02
2.614932250000000025e+01 3.359089970693152072e-02
2.625851439999999926e+01 3.306714211958419747e-02
2.636816980000000044e+01 3.254696642187056288e-02
2.647828289999999996e+01 3.203040262881128725e-02
2.658885769999999837e+01 3.151437142547604958e-02
2.669988439999999841e+01 3.100108088737341117e-02
2.681138229999999822e+01 3.049082928581087204e-02
2.692334749999999843e+01 2.998357095738934247e-02
2.703577230000000142e+01 2.948013740179869155e-02
2.714867209999999886e+01 2.898097644721212354e-02
2.726204489999999936e+01 2.848529714929772666e-02
2.737588500000000025e+01 2.799622600719203075e-02
2.749020579999999825e+01 2.751000516343830166e-02
2.760500529999999841e+01 2.703532361312256313e-02
2.772028350000000074e+01 2.656406702160804545e-02
2.783603480000000019e+01 2.609543802703091428e-02
2.795227810000000090e+01 2.562935922441936590e-02
2.806900789999999901e+01 2.517461012306473900e-02
2.818621440000000078e+01 2.472828495205550703e-02
2.830392069999999904e+01 2.428417221086792352e-02
2.842211719999999886e+01 2.384231578630917336e-02
2.854080009999999845e+01 2.340862009582778125e-02
2.865998649999999870e+01 2.298820856726694131e-02
2.877967070000000049e+01 2.256976203774567480e-02
2.889985469999999879e+01 2.215326041028935905e-02
2.902053259999999923e+01 2.174207625546933226e-02
2.914172170000000150e+01 2.134896801750892775e-02
2.926341820000000027e+01 2.095755607269942852e-02
2.938561250000000058e+01 2.056786683332641197e-02
2.950832750000000004e+01 2.018129998537124617e-02
2.963155360000000016e+01 1.981655403529926016e-02
2.975528720000000149e+01 1.945329495923506929e-02
2.987954519999999903e+01 1.909148123056654545e-02
3.000432209999999955e+01 1.873187765753661291e-02
3.012961960000000161e+01 1.839457301377264362e-02
3.025543210000000016e+01 1.805856757330174395e-02
3.038177870000000169e+01 1.772380959087042906e-02
3.050865359999999882e+01 1.739176127791448173e-02
3.063604929999999982e+01 1.708067174289715218e-02
3.076398470000000174e+01 1.677067423902863300e-02
3.089245610000000042e+01 1.646178588274636867e-02
3.102145390000000091e+01 1.615747918795787386e-02
3.115099909999999994e+01 1.587151547839821264e-02
3.128108599999999839e+01 1.558653197804922216e-02
3.141170689999999865e+01 1.530254658394556745e-02
3.154288100000000128e+01 1.502549024442376494e-02
3.167460439999999977e+01 1.476166985547752893e-02
3.180687710000000124e+01 1.449872720363275420e-02
3.193969350000000063e+01 1.424129146988728153e-02
3.207307430000000181e+01 1.399551749166833524e-02
3.220701220000000120e+01 1.375054220966646923e-02
3.234149930000000239e+01 1.351087867179960773e-02
3.247655489999999645e+01 1.328205724018076232e-02
3.261217880000000235e+01 1.305395710273943299e-02
3.274835970000000174e+01 1.283147171240579983e-02
3.288511660000000347e+01 1.261853193052590340e-02
3.302244189999999691e+01 1.240626269423506997e-02
3.316034319999999980e+01 1.219996086797728828e-02
3.329881290000000149e+01 1.200113499516535474e-02
3.343786999999999665e+01 1.180291272709884341e-02
3.357750320000000244e+01 1.161510217129076150e-02
3.371771619999999814e+01 1.142880857353202953e-02
3.385852049999999736e+01 1.124730752004766444e-02
3.399991229999999831e+01 1.107231502098030701e-02
3.414188769999999806e+01 1.089787037406153569e-02
3.428446199999999777e+01 1.073303216766173344e-02
3.442763519999999744e+01 1.056924723637853343e-02
3.457140350000000240e+01 1.041064799658827401e-02
3.471576689999999843e+01 1.025728862721585373e-02
3.486073679999999797e+01 1.010439567614320258e-02
3.500631709999999686e+01 9.960359152566052032e-03
3.515249250000000103e+01 9.817692286284785200e-03
3.529928970000000277e+01 9.678432417831202630e-03
3.544670099999999735e+01 9.545499431982115701e-03
3.559471510000000194e+01 9.412989659818786492e-03
3.574335860000000054e+01 9.287607410566950036e-03
3.589262389999999669e+01 9.164336109413036280e-03
3.604251099999999752e+01 9.043348394606414917e-03
3.619301219999999830e+01 8.927541643555492526e-03
3.634415440000000075e+01 8.815168652617343809e-03
3.649592969999999781e+01 8.705017545828691930e-03
3.664832690000000071e+01 8.599644989697188824e-03
3.680136869999999760e+01 8.496115395459486602e-03
3.695505140000000210e+01 8.395667391432784510e-03
3.710936360000000178e+01 8.298887390580444307e-03
3.726433180000000078e+01 8.203787136782780126e-03
3.741994859999999790e+01 8.035917648947652620e-03
3.757621379999999789e+01 7.947890715559532623e-03
3.773312380000000132e+01 7.860156734400460671e-03
3.789069369999999992e+01 7.777360947865732607e-03
3.804892730000000256e+01 7.695394623994772886e-03
3.820780940000000214e+01 7.616335125770921574e-03
3.836736299999999744e+01 7.539953632522511211e-03
3.852758790000000033e+01 7.464653520208271338e-03
3.868846510000000194e+01 7.393590783878489260e-03
3.885002899999999926e+01 7.322765354906166264e-03
3.901226810000000000e+01 7.255788361548519416e-03
3.917518230000000301e+01 7.189701823957217290e-03
3.933876800000000173e+01 7.125826669290663724e-03
3.950304409999999677e+01 7.063841009726510786e-03
3.966801070000000351e+01 7.002862685873076538e-03
3.983365249999999946e+01 6.944343466530561969e-03
3.999999619999999823e+01 6.886031744419975238e-03
4.229427720000000335e+01 6.151152118487152390e-03
4.472013849999999735e+01 5.494702287257719094e-03
4.728515620000000297e+01 4.908305104814973500e-03
4.999729159999999695e+01 5.664847145600220880e-03
5.286497500000000116e+01 5.384993984335144888e-03
5.589715189999999723e+01 5.092377438570668859e-03
5.910324479999999880e+01 4.781185017041063301e-03
6.249321750000000009e+01 4.447474188824734366e-03
6.607764430000000289e+01 4.093161359732265352e-03
6.986763759999999479e+01 3.742893711743966022e-03
7.387503809999999760e+01 3.411177945824050636e-03
7.811228939999999454e+01 3.103065131303603310e-03
8.259255980000000363e+01 2.818625499053241824e-03
8.732982640000000174e+01 2.558015344453920537e-03
9.233880619999999340e+01 2.320837031163985962e-03
9.763505550000000710e+01 2.108002257212116502e-03
1.032350849999999980e+02 1.916569233330739190e-03
1.091563419999999951e+02 1.745882156897929144e-03
1.154172290000000061e+02 1.592319111213843716e-03
1.220372160000000008e+02 1.452510484379091697e-03
1.290369110000000035e+02 1.323911668434472151e-03
1.364380800000000136e+02 1.204881699109161932e-03
1.442636870000000044e+02 1.093937210114894788e-03
1.525382229999999879e+02 9.899203304399484434e-04
1.612873690000000124e+02 8.942999702250830924e-04
1.705383300000000020e+02 8.067371782690644115e-04
1.803199009999999873e+02 7.273691417978450126e-04
1.906625209999999981e+02 6.555720664243569994e-04
2.015982510000000048e+02 5.906406132923591951e-04
2.131613309999999899e+02 5.316819491470594445e-04
2.253876190000000008e+02 4.781597025391538867e-04
2.383151860000000113e+02 4.293479970369446582e-04
2.519842380000000048e+02 3.845444871432156415e-04
2.664371639999999957e+02 3.432527566486700968e-04
2.817192079999999805e+02 3.050790277594832810e-04
2.978777769999999805e+02 2.700833495721601820e-04
3.149631650000000036e+02 2.391811203068057088e-04
3.330285339999999792e+02 2.116226337002817710e-04
3.521300659999999993e+02 1.876217687171427410e-04
3.723269960000000083e+02 1.678719145978369107e-04
3.936825559999999768e+02 1.513756773627628104e-04
4.162630310000000122e+02 1.370925565319013550e-04
4.401386410000000069e+02 1.241654978429807899e-04
4.653836979999999812e+02 1.117911362808931332e-04
4.920767210000000205e+02 9.974652319161597029e-05
5.203004760000000033e+02 8.878270009823409673e-05
5.501433719999999994e+02 7.906403639904889600e-05
5.816979979999999841e+02 7.068514954766276482e-05
6.150624390000000403e+02 6.357342705312762497e-05
6.503405760000000555e+02 5.729382836100822731e-05
6.876418459999999868e+02 5.225154256589052931e-05
7.270829469999999901e+02 4.796713501387037386e-05
7.687862549999999828e+02 4.436423628412220258e-05
8.128815309999999954e+02 4.133033097501186175e-05
8.595060419999999795e+02 3.873852788511716373e-05
9.088047490000000153e+02 3.649490043656250407e-05
9.609305419999999458e+02 3.450943174368391976e-05
1.016046690000000012e+03 3.268698122037839825e-05
1.074324100000000044e+03 3.096474881393821446e-05
1.135944089999999960e+03 2.932714216394764916e-05
1.201098510000000033e+03 2.777580920236000364e-05
1.269989990000000034e+03 2.630966850019699651e-05
1.342832149999999956e+03 2.492737835516252182e-05
1.419853029999999990e+03 2.362681096733261477e-05
1.501291500000000042e+03 2.239975757966071682e-05
1.587401119999999992e+03 2.123901132136978001e-05
1.678449830000000020e+03 2.013995286093588075e-05
1.774719730000000027e+03 1.909878542023183890e-05
1.876512330000000020e+03 1.811157710119604429e-05
1.984143550000000005e+03 1.717356650895531621e-05
2.097948240000000169e+03 1.628136965567500926e-05
2.218280270000000201e+03 1.543308859930581228e-05
2.345514160000000174e+03 1.462580772282084826e-05
2.480044679999999971e+03 1.385699474964666049e-05
2.622292480000000069e+03 1.312449125570032898e-05
2.772699459999999817e+03 1.242609747537941123e-05
2.931733400000000074e+03 1.176097992746903121e-05
3.099888919999999871e+03 1.112520785872180943e-05
3.277689210000000003e+03 1.052098064550386150e-05
3.465685789999999997e+03 9.949533016810441658e-06
3.664467290000000048e+03 9.409075895814673492e-06
3.874650389999999788e+03 8.887483468147619836e-06
4.096888670000000275e+03 8.393635674152734449e-06
4.331874020000000201e+03 7.926577983766079381e-06
4.580334960000000137e+03 7.476536038365509096e-06
4.843049799999999777e+03 7.050233365535773405e-06
5.120832519999999931e+03 6.644643224144796017e-06
5.414548340000000280e+03 6.256470872055499663e-06
5.725110840000000280e+03 5.888838530975795571e-06
6.053486329999999725e+03 5.535656373356335145e-06
6.400692380000000412e+03 5.201578719763057975e-06
6.767817380000000412e+03 4.884395315754643075e-06
7.155999020000000201e+03 4.580909104865804509e-06
7.566446289999999863e+03 4.293805256886076808e-06
8.000435059999999794e+03 4.020499828467723647e-06
8.459316409999999451e+03 3.761524687526458278e-06
8.944512699999999313e+03 3.516791720270322915e-06
9.457542970000000423e+03 3.285386672091592913e-06
1.000000000000000000e+04 3.072553753194073754e-06
