698   5.0   3.71
4.999999329999999659e-02 1.688510282881264146e+00
5.238078530000000316e-02 1.680417881189034013e+00
5.487493799999999811e-02 1.671359645720721820e+00
5.748785289999999715e-02 1.661205646621224385e+00
6.022516640000000199e-02 1.649799974943946479e+00
6.309283520000000256e-02 1.636953743060541200e+00
6.609705089999999561e-02 1.622437621991541734e+00
6.924431770000000208e-02 1.605972763130568026e+00
7.254143799999999975e-02 1.587221710999488611e+00
7.599553470000000588e-02 1.565779739878617960e+00
7.961412519999999660e-02 1.541168024539149917e+00
8.340501790000000304e-02 1.512832676178540670e+00
8.737641570000000135e-02 1.480150806174731715e+00
9.153690929999999670e-02 1.442450362989098567e+00
9.589551390000000675e-02 1.399048447679835272e+00
1.004616390000000054e-01 1.359010358575535982e+00
1.052452029999999955e-01 1.391897957469258928e+00
1.102565229999999952e-01 1.410064261973952071e+00
1.155064779999999958e-01 1.423302543965483835e+00
1.210064069999999964e-01 1.435032879622601509e+00
1.267682159999999891e-01 1.444778650559701116e+00
1.328043790000000002e-01 1.450990744042757852e+00
1.391279699999999897e-01 1.453299303441148327e+00
1.457526389999999894e-01 1.452541411484496559e+00
1.526927650000000081e-01 1.452685324360432739e+00
1.599633540000000020e-01 1.458417673886122978e+00
1.675801130000000028e-01 1.469696138617755388e+00
1.755595799999999929e-01 1.482350198862526947e+00
1.839189830000000081e-01 1.497545117744909060e+00
1.926764099999999924e-01 1.514671444855144600e+00
2.018508460000000004e-01 1.529536369735713386e+00
2.114621399999999929e-01 1.535430506558514097e+00
2.215310480000000082e-01 1.525000899559992407e+00
2.320794310000000027e-01 1.501959783586465980e+00
2.431300730000000021e-01 1.481454957076118628e+00
2.547068889999999919e-01 1.473935131947176957e+00
2.668349440000000183e-01 1.481137552663101431e+00
2.795405089999999926e-01 1.493163412856576056e+00
2.928510009999999997e-01 1.498018692608134694e+00
3.067953589999999897e-01 1.487778038802448632e+00
3.214036230000000272e-01 1.424090101834615263e+00
3.367075319999999761e-01 1.194798876222918915e+00
3.527401090000000239e-01 6.779098121540851896e-01
3.695360719999999932e-01 5.013463619171607544e-01
3.871318400000000048e-01 2.838377106998994370e-01
4.055654109999999868e-01 1.250774484225161964e-01
4.248766900000000013e-01 1.546152098839160272e-01
4.451075489999999912e-01 6.751134921658115406e-02
4.663016500000000120e-01 4.086071845310295519e-02
4.885049459999999955e-01 3.667446522221678995e-02
5.117654799999999948e-01 3.181171554537418761e-02
5.361335870000000225e-01 2.802560395502447579e-02
5.616619590000000439e-01 2.491444459050110374e-02
5.884059670000000297e-01 1.825859941915885729e-02
6.164233679999999715e-01 1.643537927144675392e-02
6.457748410000000439e-01 1.823001907751183037e-02
6.765238639999999748e-01 1.678180940205018304e-02
7.087370750000000497e-01 1.702716640382696128e-02
7.424841519999999528e-01 2.146529922734964277e-02
7.778380510000000303e-01 2.839748697052843496e-02
8.148754240000000149e-01 3.460839065937786063e-02
8.536763189999999613e-01 4.226965925537704005e-02
8.943247199999999619e-01 4.000664867743729258e-02
9.369087219999999716e-01 4.647145063705544060e-02
9.815202950000000426e-01 5.490738291874393273e-02
1.028256180000000075e+00 7.311699582310390855e-02
1.077217340000000023e+00 9.091268255917325791e-02
1.128509879999999965e+00 1.066541608437984040e-01
1.182244660000000058e+00 1.115184568254547481e-01
1.238538149999999893e+00 8.673401379810904976e-02
1.297512049999999917e+00 6.565368181900442524e-02
1.359294060000000082e+00 5.629471503938408145e-02
1.424017910000000109e+00 4.197842583585855575e-02
1.491823670000000046e+00 2.801791852784083631e-02
1.562857869999999982e+00 1.907886690316357159e-02
1.637274619999999903e+00 1.254461681133047478e-02
1.715234640000000033e+00 1.139851565538209550e-02
1.796906829999999955e+00 9.780062337901931219e-03
1.882467869999999932e+00 8.250865573766318767e-03
1.972102999999999939e+00 7.649711852999157430e-03
2.066006180000000025e+00 1.406037822366231621e-02
2.164380550000000181e+00 6.453043454999615562e-03
2.267439130000000080e+00 6.325325925367330203e-03
2.375405069999999785e+00 7.379147685526711749e-03
2.488511799999999941e+00 7.437775122883163482e-03
2.607004170000000176e+00 1.037504416756394356e-02
2.731138710000000192e+00 9.956250863021300079e-03
2.861183880000000013e+00 1.151540106564497533e-02
2.997421259999999865e+00 9.751318255116343120e-03
3.140145780000000109e+00 7.679099192279547313e-03
3.289666180000000217e+00 8.400857421502021943e-03
3.446306229999999804e+00 1.538357846954669338e-02
3.610404490000000077e+00 1.378410816440743883e-02
3.782316680000000098e+00 1.520822977118261969e-02
3.962414739999999824e+00 1.915912945708740656e-02
4.151087760000000237e+00 1.953741335253273217e-02
4.348745349999999732e+00 2.315636137514302806e-02
4.555814269999999944e+00 2.806800593488067291e-02
4.772742270000000175e+00 3.271981829542577186e-02
5.000000000000000000e+00 2.243388955124525977e-02
5.020879270000000005e+00 2.276495254916956895e-02
5.041846750000000377e+00 2.309631327143589832e-02
5.062900540000000227e+00 2.342798032807804839e-02
5.084043499999999938e+00 2.377319708273143567e-02
5.105273719999999571e+00 2.413629424540105622e-02
5.126592640000000145e+00 2.449931931334329432e-02
5.148001189999999561e+00 2.486223806686282956e-02
5.169498439999999917e+00 2.526137635282485472e-02
5.191086290000000325e+00 2.566347486490433080e-02
5.212763309999999706e+00 2.606429076396930139e-02
5.234531399999999834e+00 2.648548115389231031e-02
5.256390569999999762e+00 2.693301171032226257e-02
5.278340339999999742e+00 2.737810850447947031e-02
5.300382609999999772e+00 2.782154167925478955e-02
5.322516440000000237e+00 2.831850895039826968e-02
5.344742769999999865e+00 2.881226057042490449e-02
5.367062090000000119e+00 2.930274428384124080e-02
5.389474390000000170e+00 2.982479115304067716e-02
5.411980630000000403e+00 3.036263402977549750e-02
5.434580330000000181e+00 3.089721508973739331e-02
5.457274439999999949e+00 3.144405170820758350e-02
5.480063920000000088e+00 3.202049214042366337e-02
5.502947810000000217e+00 3.259407481093840042e-02
5.525928020000000274e+00 3.316672109011216396e-02
5.549003599999999814e+00 3.377689549828830073e-02
5.572175500000000170e+00 3.438457194361470293e-02
5.595444679999999948e+00 3.498983405726752843e-02
5.618810650000000351e+00 3.562986349784635909e-02
5.642274859999999670e+00 3.627634334448891912e-02
5.665836330000000309e+00 3.692007781002082378e-02
5.689496039999999866e+00 3.761811365047210837e-02
5.713254929999999732e+00 3.834899503393633668e-02
5.737112999999999907e+00 3.914491312563314618e-02
5.761070250000000392e+00 3.993801162776592500e-02
5.785128590000000237e+00 4.080803988683186223e-02
5.809286120000000331e+00 4.167322785882186797e-02
5.833545680000000289e+00 4.260713744654230639e-02
5.857905859999999798e+00 4.367090382593936948e-02
5.882367610000000191e+00 4.472891512321139351e-02
5.906932349999999943e+00 4.589719253863872722e-02
5.931599140000000325e+00 4.735401966784433259e-02
5.956369399999999814e+00 4.880322344456876349e-02
5.981242179999999742e+00 5.024481508154231280e-02
6.006218910000000299e+00 5.167908861986699603e-02
6.031301019999999902e+00 5.310623362667088454e-02
6.056487080000000134e+00 5.452633025011412171e-02
6.081778530000000238e+00 5.593956515798251955e-02
6.107175350000000336e+00 5.734601877242121587e-02
6.132678030000000113e+00 5.891757337930855071e-02
6.158287999999999762e+00 6.052671726814678327e-02
6.184004309999999727e+00 6.212781851964333663e-02
6.209828850000000067e+00 6.372087377733598457e-02
6.235760209999999581e+00 6.530568147677433266e-02
6.261799810000000299e+00 6.688204215895479643e-02
6.287949089999999686e+00 6.805905782632468148e-02
6.314206600000000336e+00 6.960420251444573991e-02
6.340574740000000098e+00 7.095502493489101725e-02
6.367052079999999670e+00 7.216876453178758255e-02
6.393639560000000444e+00 7.337347196574159347e-02
6.420339580000000268e+00 7.456916501511140494e-02
6.447150230000000093e+00 7.575566123160128174e-02
6.474073409999999917e+00 7.693303239362149493e-02
6.501108170000000186e+00 7.810120247772735225e-02
6.528255940000000201e+00 7.926030291422599128e-02
6.555517670000000408e+00 7.986024551530733484e-02
6.582892890000000108e+00 8.017239327946910910e-02
6.610383030000000382e+00 8.048063282849704514e-02
6.637986660000000150e+00 8.078520361341021139e-02
6.665706160000000047e+00 8.108640296410990489e-02
6.693541999999999881e+00 8.138448105942872046e-02
6.721493240000000036e+00 8.167969653952698861e-02
6.749562260000000258e+00 8.197233933140070372e-02
6.777747630000000356e+00 8.137841197306364127e-02
6.806050299999999886e+00 8.077327681218969546e-02
6.834472660000000310e+00 8.017106111669632107e-02
6.863012310000000227e+00 7.957194540093313895e-02
6.891672129999999896e+00 7.897590499332891867e-02
6.920450690000000016e+00 7.838297470682373258e-02
6.949349400000000010e+00 7.779303903180898039e-02
6.978370189999999695e+00 7.785547918964531855e-02
7.007510660000000335e+00 7.793167240691616093e-02
7.036774160000000222e+00 7.800649470744400182e-02
7.066158770000000366e+00 7.807969829147383412e-02
7.095665930000000010e+00 7.815108221205781247e-02
7.125297549999999980e+00 7.822037786952795724e-02
7.155051710000000398e+00 7.872406510218273035e-02
7.184930800000000062e+00 8.135323024157328775e-02
7.214934350000000052e+00 8.395894693412039866e-02
7.245062830000000176e+00 8.654104151921292176e-02
7.275318150000000372e+00 8.909943905561634736e-02
7.305698869999999623e+00 9.163386623517755236e-02
7.336207390000000217e+00 9.414440380979663403e-02
7.366842270000000248e+00 9.904957253569568465e-02
7.397605419999999654e+00 1.058749685961413167e-01
7.428497789999999767e+00 1.126243844858756671e-01
7.459517960000000336e+00 1.192979703038108824e-01
7.490667819999999644e+00 1.258967058395553396e-01
7.521948809999999597e+00 1.324215459598696021e-01
7.553359509999999943e+00 1.394565520362461009e-01
7.584902289999999603e+00 1.512515754026699799e-01
7.616575720000000160e+00 1.628828184358072084e-01
7.648381230000000031e+00 1.743531713367957314e-01
7.680321219999999727e+00 1.856659358535604210e-01
7.712392809999999876e+00 1.968224551668024402e-01
7.744599820000000356e+00 2.111020538357019638e-01
7.776940350000000279e+00 2.272431887709322473e-01
7.809415819999999897e+00 2.431159814962331467e-01
7.842027660000000289e+00 2.587261926972010406e-01
7.874774930000000062e+00 2.740781748326325262e-01
7.907660009999999851e+00 2.904293165609432292e-01
7.940680979999999778e+00 3.105651311319370667e-01
7.973840240000000357e+00 3.303046661550877450e-01
8.007139210000000062e+00 3.496575210356249186e-01
8.040575979999999845e+00 3.686311773650985946e-01
8.074152950000000217e+00 3.872352389883123025e-01
8.107870099999999525e+00 4.105218562099672286e-01
8.141726489999999927e+00 4.334022097386510675e-01
8.175726889999999969e+00 4.557613897318241181e-01
8.209867479999999773e+00 4.776105450076055803e-01
8.244152070000000165e+00 4.989658298945620629e-01
8.278577800000000764e+00 5.241273390452222403e-01
8.313148500000000496e+00 5.495063567913542890e-01
8.347864149999999483e+00 5.742260887721727380e-01
8.382723809999999887e+00 6.037985887454454526e-01
8.417729380000000816e+00 6.363859879588434909e-01
8.452880860000000496e+00 6.679500685731704079e-01
8.488179210000000197e+00 7.040630243125501897e-01
8.523625369999999535e+00 7.479313269915257578e-01
8.559219360000000165e+00 7.900543135580814225e-01
8.594962119999999928e+00 8.344643676923411135e-01
8.630853650000000599e+00 8.913923456135264267e-01
8.666894909999999896e+00 9.454375006295967498e-01
8.703087809999999536e+00 9.982644766431032490e-01
8.739430430000000527e+00 1.063549959045994253e+00
8.775926589999999194e+00 1.125266897000996025e+00
8.812573430000000485e+00 1.196754993094696129e+00
8.849373820000000279e+00 1.263374385012150380e+00
8.886328699999999969e+00 1.339041964499554815e+00
8.923436159999999617e+00 1.409250998882336514e+00
8.960700989999999422e+00 1.487150270877598324e+00
8.998119349999999628e+00 1.559274278740820918e+00
9.035694120000000495e+00 1.637175650606376598e+00
9.073427199999999360e+00 1.709009583195260973e+00
9.111316679999999835e+00 1.782697847926447254e+00
9.149365429999999577e+00 1.850400640620190496e+00
9.187571529999999598e+00 1.917069153568255357e+00
9.225937840000000278e+00 1.978396819039325294e+00
9.264465330000000165e+00 2.036952543056643972e+00
9.303152080000000268e+00 2.091098281965800609e+00
9.342001910000000464e+00 2.141555603627694371e+00
9.381012919999999866e+00 2.188682109512774421e+00
9.420187000000000310e+00 2.232462325703262529e+00
9.459526059999999958e+00 2.272443949058440271e+00
9.499027249999999256e+00 2.310274569361255637e+00
9.538695340000000300e+00 2.345042618453472283e+00
9.578527449999999277e+00 2.376235801485745203e+00
9.618525509999999556e+00 2.406118368305051547e+00
9.658693310000000309e+00 2.432482931783792601e+00
9.699026110000000145e+00 2.455963735326084585e+00
9.739527700000000010e+00 2.478740686986875552e+00
9.780200000000000671e+00 2.497926945757686479e+00
9.821041109999999463e+00 2.515130366672101658e+00
9.862053870000000444e+00 2.529928043904638546e+00
9.903236390000000000e+00 2.542913670683836003e+00
9.944590570000000795e+00 2.554674978857853773e+00
9.986119269999999659e+00 2.564648454376350362e+00
1.002781960000000083e+01 2.572815620260437086e+00
1.006969549999999991e+01 2.580073504358927128e+00
1.011174680000000059e+01 2.587293286037181783e+00
1.015397070000000035e+01 2.592393746644133135e+00
1.019637389999999932e+01 2.596505582092246467e+00
1.023895360000000032e+01 2.600583414458111253e+00
1.028170869999999937e+01 2.602684105381939172e+00
1.032464500000000029e+01 2.604044038410056494e+00
1.036776069999999983e+01 2.605336803777924093e+00
1.041105370000000008e+01 2.604707206224062599e+00
1.045452979999999954e+01 2.603586883858747481e+00
1.049818800000000074e+01 2.602341239655058036e+00
1.054202839999999952e+01 2.599183111950496450e+00
1.058604910000000032e+01 2.595757883238711372e+00
1.063025670000000034e+01 2.591943739496592514e+00
1.067464829999999942e+01 2.586471899354340742e+00
1.071922299999999950e+01 2.580728412050951714e+00
1.076398559999999982e+01 2.574263938442192590e+00
1.080893610000000038e+01 2.566502418580783207e+00
1.085407159999999926e+01 2.558381515145189411e+00
1.089939790000000031e+01 2.549263708631758885e+00
1.094491389999999953e+01 2.539189031972829635e+00
1.099061679999999974e+01 2.528667285853432478e+00
1.103651329999999930e+01 2.517095112001128232e+00
1.108260150000000088e+01 2.504870783741983242e+00
1.112888240000000017e+01 2.492042676617244990e+00
1.117535400000000045e+01 2.478631059416513960e+00
1.122202210000000022e+01 2.464891040178885273e+00
1.126888560000000084e+01 2.450859818833557746e+00
1.131594089999999930e+01 2.436667172431765671e+00
1.136319639999999964e+01 2.422714410630074422e+00
1.141064929999999933e+01 2.408651760560731603e+00
1.145829679999999939e+01 2.395531862124913758e+00
1.150614640000000044e+01 2.381959026955882130e+00
1.155419640000000037e+01 2.367938328805942128e+00
1.160244660000000039e+01 2.353644161516192490e+00
1.165089509999999962e+01 2.338860897832903074e+00
1.169954869999999936e+01 2.323569592055831023e+00
1.174840640000000036e+01 2.304788691988954863e+00
1.179746440000000085e+01 2.285256819076432855e+00
1.184673019999999966e+01 2.264968419305666725e+00
1.189620210000000000e+01 2.237410015925717310e+00
1.194587710000000058e+01 2.208069865239687957e+00
1.199576380000000064e+01 2.177315736752224673e+00
1.204585739999999916e+01 2.134699823566794219e+00
1.209616089999999922e+01 2.088485457266165746e+00
1.214667129999999950e+01 2.039408601463430060e+00
1.219739530000000016e+01 1.983389555760150191e+00
1.224833199999999955e+01 1.918453751822879250e+00
1.229947759999999946e+01 1.848928882481987168e+00
1.235084059999999972e+01 1.774445873616086855e+00
1.240241720000000036e+01 1.694286399414741684e+00
1.245420649999999974e+01 1.608591969489382212e+00
1.250621510000000036e+01 1.516962428941492469e+00
1.255844120000000075e+01 1.427618344495488856e+00
1.261088469999999973e+01 1.338068101503895324e+00
1.266354469999999921e+01 1.243578386506638767e+00
1.271642680000000070e+01 1.153542507233572545e+00
1.276953119999999942e+01 1.081695330445699099e+00
1.282285309999999967e+01 1.010907611918742122e+00
1.287640090000000015e+01 9.345813786027624692e-01
1.293017290000000052e+01 8.755623814480824052e-01
1.298416609999999949e+01 8.311237201664410934e-01
1.303838730000000012e+01 7.863258071872387678e-01
1.309283540000000023e+01 7.411783430339633494e-01
1.314751150000000024e+01 7.198134752524002478e-01
1.320241170000000075e+01 7.021750658108870669e-01
1.325754449999999984e+01 6.846427219526313168e-01
1.331290820000000075e+01 6.714811737421948479e-01
1.336849980000000038e+01 6.723790567151709530e-01
1.342432589999999948e+01 6.732177035142645760e-01
1.348038580000000053e+01 6.739988577484496979e-01
1.353667639999999928e+01 6.832169941375804134e-01
1.359320549999999983e+01 6.967143515983649227e-01
1.364997100000000074e+01 7.099028830075382324e-01
1.370697310000000080e+01 7.227935596038097543e-01
1.376420970000000032e+01 7.353974381074848132e-01
1.382168869999999927e+01 7.477277047396757581e-01
1.387940790000000035e+01 7.605881985426543590e-01
1.393736460000000044e+01 7.826660600896278019e-01
1.399556639999999952e+01 8.042490666855796055e-01
1.405401230000000012e+01 8.253551440699146147e-01
1.411269760000000062e+01 8.459996660958135628e-01
1.417163279999999936e+01 8.662031488894925690e-01
1.423081299999999949e+01 8.859798904817329790e-01
1.429023650000000067e+01 9.088509725231981307e-01
1.434991259999999968e+01 9.328929929612588268e-01
1.440983770000000064e+01 9.564250743141741173e-01
1.447001359999999970e+01 9.794655272460128792e-01
1.453043650000000042e+01 1.002028953772114983e+00
1.459111500000000028e+01 1.024134801336083811e+00
1.465204810000000002e+01 1.046139749481305392e+00
1.471323010000000053e+01 1.068139104622289670e+00
1.477467249999999943e+01 1.089719866306644969e+00
1.483637140000000088e+01 1.110893553864138683e+00
1.489832400000000057e+01 1.131671633310568525e+00
1.496053979999999939e+01 1.152069156073420642e+00
1.502301499999999912e+01 1.171330735843600257e+00
1.508575060000000079e+01 1.188961473114417577e+00
1.514874460000000056e+01 1.206305454872953709e+00
1.521200559999999946e+01 1.223372975734126289e+00
1.527553080000000030e+01 1.240170711731028774e+00
1.533931729999999938e+01 1.256705250263639106e+00
1.540337470000000053e+01 1.272548386604738901e+00
1.546769910000000081e+01 1.287610800809079192e+00
1.553228760000000008e+01 1.302457200477120436e+00
1.559715079999999965e+01 1.317095572611291177e+00
1.566228390000000026e+01 1.331529888906421766e+00
1.572768970000000088e+01 1.345765927475559565e+00
1.579336359999999928e+01 1.360347541052710385e+00
1.585931680000000021e+01 1.375005724556876974e+00
1.592554570000000069e+01 1.389463703458646560e+00
1.599204639999999955e+01 1.403725745729362595e+00
1.605882839999999945e+01 1.417798668903883508e+00
1.612589069999999936e+01 1.431719233702800853e+00
1.619322779999999895e+01 1.447847681758160254e+00
1.626085090000000122e+01 1.463745729856530620e+00
1.632875629999999845e+01 1.479418705826632818e+00
1.639694400000000130e+01 1.494871988703123433e+00
1.646541399999999911e+01 1.510111883188446802e+00
1.653417400000000015e+01 1.526860202701792346e+00
1.660322000000000031e+01 1.545080414522179701e+00
1.667255019999999988e+01 1.563017812618847868e+00
1.674217409999999973e+01 1.580682445269518288e+00
1.681208990000000014e+01 1.598082121183121540e+00
1.688229180000000085e+01 1.615512121675770629e+00
1.695279310000000095e+01 1.635158133362947908e+00
1.702358819999999895e+01 1.654487276386779282e+00
1.709467890000000168e+01 1.673509400796960200e+00
1.716606140000000025e+01 1.692232221922866042e+00
1.723774530000000027e+01 1.710666772244721301e+00
1.730973050000000057e+01 1.730327213886261095e+00
1.738201139999999967e+01 1.749980509626404501e+00
1.745459939999999932e+01 1.769325821233448615e+00
1.752748869999999926e+01 1.788369814129067814e+00
1.760067940000000064e+01 1.807120473091527346e+00
1.767417909999999992e+01 1.826250240641123845e+00
1.774798579999999859e+01 1.845413897498809686e+00
1.782210159999999988e+01 1.864290839433007108e+00
1.789652249999999967e+01 1.882885758254030151e+00
1.797125820000000118e+01 1.901210795424577604e+00
1.804630470000000031e+01 1.919442375766355680e+00
1.812166210000000177e+01 1.937521796865622870e+00
1.819733809999999963e+01 1.955349655405570264e+00
1.827333069999999893e+01 1.972887281394774650e+00
1.834963420000000056e+01 1.990087395728921127e+00
1.842626190000000008e+01 2.007063164709414149e+00
1.850321010000000044e+01 2.023799818835054332e+00
1.858047489999999868e+01 2.039895761870978763e+00
1.865806579999999926e+01 2.055796351668071953e+00
1.873598289999999977e+01 2.071505435641295634e+00
1.881422420000000173e+01 2.086428539660251325e+00
1.889278600000000097e+01 2.101053273441892077e+00
1.897168350000000103e+01 2.115517870491858687e+00
1.905090900000000076e+01 2.129207275898959306e+00
1.913045879999999954e+01 2.142414570203746926e+00
1.921034810000000093e+01 2.155491837102156971e+00
1.929057119999999870e+01 2.167923711130579356e+00
1.937112240000000085e+01 2.179737386184701364e+00
1.945201679999999911e+01 2.191446798926716788e+00
1.953324890000000025e+01 2.202625359647506276e+00
1.961481859999999955e+01 2.213096464321546275e+00
1.969672389999999851e+01 2.223483648802579093e+00
1.977897829999999857e+01 2.233412562103039178e+00
1.986157419999999973e+01 2.242576802552785242e+00
1.994451139999999967e+01 2.251675430661318256e+00
2.002779960000000159e+01 2.260346918463834509e+00
2.011143489999999900e+01 2.268237084663188075e+00
2.019541549999999930e+01 2.276076593886211974e+00
2.027975079999999863e+01 2.283488722115577296e+00
2.036443900000000085e+01 2.290161527223574467e+00
2.044948199999999972e+01 2.296797924451442707e+00
2.053487210000000118e+01 2.302964089347058430e+00
2.062062639999999902e+01 2.313227786620750237e+00
2.070673749999999913e+01 2.318754910448781015e+00
2.079320339999999945e+01 2.323736732656059623e+00
2.088003540000000058e+01 2.328175756884568237e+00
2.096722979999999836e+01 2.332593426569763206e+00
2.105478480000000019e+01 2.336038266579131495e+00
2.114270780000000016e+01 2.338896283992511371e+00
2.123100090000000151e+01 2.341739056201785907e+00
2.131966020000000128e+01 2.344565710173777351e+00
2.140868569999999949e+01 2.347376646335492367e+00
2.149808880000000144e+01 2.350172036719218926e+00
2.158786389999999855e+01 2.351026962517472008e+00
2.167800899999999942e+01 2.351825840025936643e+00
2.176853559999999987e+01 2.352611388356685040e+00
2.185944179999999903e+01 2.353383429700346863e+00
2.195071980000000167e+01 2.354141817285232641e+00
2.204238700000000151e+01 2.354005670587860699e+00
2.213443570000000094e+01 2.352826972147282536e+00
2.222686960000000056e+01 2.351630742868306978e+00
2.231968309999999889e+01 2.350417342201540194e+00
2.241288949999999858e+01 2.349186355696444295e+00
2.250648500000000141e+01 2.347810261938971355e+00
2.260046579999999850e+01 2.344681663635075353e+00
2.269484519999999961e+01 2.341525975143729177e+00
2.278961939999999942e+01 2.338343360311696539e+00
2.288478279999999998e+01 2.335134938016433459e+00
2.298034859999999924e+01 2.331900260104665890e+00
2.307631489999999985e+01 2.327197937185523813e+00
2.317268179999999944e+01 2.322083437738012179e+00
2.326944350000000128e+01 2.316928248779453803e+00
2.336661720000000031e+01 2.311731705604395781e+00
2.346419530000000009e+01 2.306493946494763581e+00
2.356217579999999856e+01 2.300133069266568242e+00
2.366057209999999955e+01 2.293089273151108998e+00
2.375937839999999923e+01 2.285985373412967370e+00
2.385859110000000172e+01 2.278820599113310141e+00
2.395822330000000022e+01 2.271595318841866273e+00
2.405827329999999975e+01 2.263384941493925773e+00
2.415873339999999914e+01 2.254433071345291584e+00
2.425962069999999926e+01 2.245396122982849185e+00
2.436092760000000013e+01 2.236275055890547314e+00
2.446265980000000084e+01 2.227068606710993937e+00
2.456480790000000169e+01 2.216851157884193846e+00
2.466739079999999973e+01 2.205992441820553651e+00
2.477040290000000056e+01 2.195022996535786142e+00
2.487383649999999946e+01 2.183939079412844375e+00
2.497770879999999849e+01 2.172744466273325070e+00
2.508201599999999942e+01 2.160509179542636549e+00
2.518675229999999843e+01 2.147888198560675921e+00
2.529193120000000050e+01 2.135129650243896560e+00
2.539755059999999887e+01 2.122029096818532690e+00
2.550361059999999824e+01 2.108048921210110560e+00
2.561010549999999952e+01 2.093911372834389883e+00
2.571705439999999854e+01 2.079612642533374522e+00
2.582444759999999917e+01 2.064547416620842402e+00
2.593228339999999932e+01 2.049037364977918330e+00
2.604057690000000136e+01 2.033345377149923916e+00
2.614932250000000025e+01 2.017293563008435875e+00
2.625851439999999926e+01 2.000427324612730651e+00
2.636816980000000044e+01 1.983361448138325933e+00
2.647828289999999996e+01 1.966095851812329709e+00
2.658885769999999837e+01 1.948141155513216871e+00
2.669988439999999841e+01 1.929857839066368541e+00
2.681138229999999822e+01 1.911146855855272664e+00
2.692334749999999843e+01 1.892042488127581246e+00
2.703577230000000142e+01 1.872629551582276397e+00
2.714867209999999886e+01 1.852797870683114523e+00
2.726204489999999936e+01 1.832725982882392746e+00
2.737588500000000025e+01 1.812272292866151435e+00
2.749020579999999825e+01 1.791598240427450195e+00
2.760500529999999841e+01 1.770626686823766782e+00
2.772028350000000074e+01 1.749435452102665822e+00
2.783603480000000019e+01 1.728036280498591593e+00
2.795227810000000090e+01 1.706428682669793195e+00
2.806900789999999901e+01 1.684665275778957971e+00
2.818621440000000078e+01 1.662744010316355547e+00
2.830392069999999904e+01 1.640633729557268827e+00
2.842211719999999886e+01 1.618339964464352354e+00
2.854080009999999845e+01 1.595977432362121640e+00
2.865998649999999870e+01 1.573656091365795318e+00
2.877967070000000049e+01 1.551178542309683994e+00
2.889985469999999879e+01 1.528548925455048169e+00
2.902053259999999923e+01 1.505870976121115312e+00
2.914172170000000150e+01 1.483534567050562414e+00
2.926341820000000027e+01 1.461078292651547095e+00
2.938561250000000058e+01 1.438508615290293946e+00
2.950832750000000004e+01 1.415882004752404333e+00
2.963155360000000016e+01 1.393914480060727934e+00
2.975528720000000149e+01 1.371866806181809562e+00
2.987954519999999903e+01 1.349741562125030603e+00
3.000432209999999955e+01 1.327575712446855905e+00
3.012961960000000161e+01 1.306238674203978434e+00
3.025543210000000016e+01 1.284857689140991299e+00
3.038177870000000169e+01 1.263433462759545156e+00
3.050865359999999882e+01 1.242038989471452970e+00
3.063604929999999982e+01 1.221544818584779923e+00
3.076398470000000174e+01 1.201034480758347733e+00
3.089245610000000042e+01 1.180512190556400220e+00
3.102145390000000091e+01 1.160158032156677343e+00
3.115099909999999994e+01 1.140687766321310637e+00
3.128108599999999839e+01 1.121226630814152747e+00
3.141170689999999865e+01 1.101778217995950993e+00
3.154288100000000128e+01 1.082668060062301318e+00
3.167460439999999977e+01 1.064251683822635686e+00
3.180687710000000124e+01 1.045861737296438276e+00
3.193969350000000063e+01 1.027762332166397119e+00
3.207307430000000181e+01 1.010308606058499592e+00
3.220701220000000120e+01 9.928915293809313924e-01
3.234149930000000239e+01 9.757757399429958234e-01
3.247655489999999645e+01 9.592883500334412616e-01
3.261217880000000235e+01 9.428450098247154187e-01
3.274835970000000174e+01 9.267379701643563283e-01
3.288511660000000347e+01 9.112077659457761269e-01
3.302244189999999691e+01 8.957265284525874893e-01
3.316034319999999980e+01 8.806180470129174598e-01
3.329881290000000149e+01 8.659785652808981160e-01
3.343786999999999665e+01 8.513896080937307653e-01
3.357750320000000244e+01 8.374603614081626013e-01
3.371771619999999814e+01 8.236419354355546396e-01
3.385852049999999736e+01 8.101410513474908148e-01
3.399991229999999831e+01 7.970669101147787039e-01
3.414188769999999806e+01 7.840461677646987093e-01
3.428446199999999777e+01 7.716548391552343622e-01
3.442763519999999744e+01 7.593508805974957809e-01
3.457140350000000240e+01 7.473994379294164325e-01
3.471576689999999843e+01 7.358054799671052137e-01
3.486073679999999797e+01 7.242626120608625095e-01
3.500631709999999686e+01 7.133142934614581376e-01
3.515249250000000103e+01 7.024763738786775624e-01
3.529928970000000277e+01 6.918816298211671878e-01
3.544670099999999735e+01 6.817214288196528083e-01
3.559471510000000194e+01 6.716100543995856542e-01
3.574335860000000054e+01 6.619886939161184758e-01
3.589262389999999669e+01 6.525270511872230950e-01
3.604251099999999752e+01 6.432370204885682341e-01
3.619301219999999830e+01 6.343104789958526890e-01
3.634415440000000075e+01 6.256323761632455183e-01
3.649592969999999781e+01 6.171215014732216453e-01
3.664832690000000071e+01 6.089495811329928010e-01
3.680136869999999760e+01 6.009199367807500636e-01
3.695505140000000210e+01 5.931158907761293619e-01
3.710936360000000178e+01 5.855774166961233984e-01
3.726433180000000078e+01 5.781697602835972338e-01
3.741994859999999790e+01 5.709061671827362350e-01
3.757621379999999789e+01 5.639417228929367587e-01
3.773312380000000132e+01 5.570137040059374156e-01
3.789069369999999992e+01 5.504396647384163233e-01
3.804892730000000256e+01 5.439380613423813182e-01
3.820780940000000214e+01 5.376510337358947345e-01
3.836736299999999744e+01 5.315620991419034436e-01
3.852758790000000033e+01 5.255616625026139355e-01
3.868846510000000194e+01 5.198660693872617644e-01
3.885002899999999926e+01 5.142001211438488317e-01
3.901226810000000000e+01 5.088120021687861927e-01
3.917518230000000301e+01 5.034978320286502829e-01
3.933876800000000173e+01 4.983486373370118461e-01
3.950304409999999677e+01 4.933418059306390324e-01
3.966801070000000351e+01 4.884164626202692761e-01
3.983365249999999946e+01 4.836731912151226442e-01
3.999999619999999823e+01 4.789548792053353043e-01
4.229427720000000335e+01 4.200641797651422649e-01
4.472013849999999735e+01 3.684147338528002136e-01
4.728515620000000297e+01 3.231156292226460280e-01
4.999729159999999695e+01 3.931379696187644046e-01
5.286497500000000116e+01 3.629975178803822589e-01
5.589715189999999723e+01 3.347155743299759512e-01
5.910324479999999880e+01 3.073009643204937524e-01
6.249321750000000009e+01 2.801018267238821191e-01
6.607764430000000289e+01 2.530044104568723862e-01
6.986763759999999479e+01 2.273535271477076514e-01
7.387503809999999760e+01 2.038374758485549942e-01
7.811228939999999454e+01 1.825985631517552110e-01
8.259255980000000363e+01 1.634996936717748595e-01
8.732982640000000174e+01 1.464202963514460443e-01
9.233880619999999340e+01 1.312190274140161428e-01
9.763505550000000710e+01 1.178389059152558788e-01
1.032350849999999980e+02 1.060245560601840026e-01
1.091563419999999951e+02 9.566257096865166121e-02
1.154172290000000061e+02 8.648993207135854955e-02
1.220372160000000008e+02 7.827098333214739523e-02
1.290369110000000035e+02 7.082747186951669771e-02
1.364380800000000136e+02 6.403751644891832184e-02
1.442636870000000044e+02 5.779548738656817980e-02
1.525382229999999879e+02 5.201758086982556650e-02
1.612873690000000124e+02 4.676224130086314990e-02
1.705383300000000020e+02 4.199591444677908125e-02
1.803199009999999873e+02 3.771161904400123499e-02
1.906625209999999981e+02 3.386519967028658873e-02
2.015982510000000048e+02 3.041048594756803197e-02
2.131613309999999899e+02 2.729354161436512577e-02
2.253876190000000008e+02 2.448028980508571914e-02
2.383151860000000113e+02 2.192824291107793588e-02
2.519842380000000048e+02 1.959726660120680516e-02
2.664371639999999957e+02 1.745865951417502684e-02
2.817192079999999805e+02 1.548968837811685352e-02
2.978777769999999805e+02 1.369110032363538010e-02
3.149631650000000036e+02 1.210727897372778326e-02
3.330285339999999792e+02 1.069852843299751860e-02
3.521300659999999993e+02 9.474238191897615263e-03
3.723269960000000083e+02 8.468170333709914427e-03
3.936825559999999768e+02 7.628947786894719162e-03
4.162630310000000122e+02 6.903375512930956179e-03
4.401386410000000069e+02 6.247778801910643630e-03
4.653836979999999812e+02 5.621385759346919989e-03
4.920767210000000205e+02 5.012744548928089149e-03
5.203004760000000033e+02 4.459379906729631776e-03
5.501433719999999994e+02 3.969329519564353086e-03
5.816979979999999841e+02 3.547152145698878340e-03
6.150624390000000403e+02 3.189041628532209884e-03
6.503405760000000555e+02 2.873048089599287199e-03
6.876418459999999868e+02 2.619391544466667925e-03
7.270829469999999901e+02 2.403950234951795183e-03
7.687862549999999828e+02 2.222837762167612953e-03
8.128815309999999954e+02 2.070370497890156817e-03
8.595060419999999795e+02 1.940157182273012735e-03
9.088047490000000153e+02 1.827467640428650586e-03
9.609305419999999458e+02 1.727774805047560579e-03
1.016046690000000012e+03 1.636300953682303305e-03
1.074324100000000044e+03 1.549891906866936869e-03
1.135944089999999960e+03 1.467759283701220623e-03
1.201098510000000033e+03 1.389978872161194007e-03
1.269989990000000034e+03 1.316490838363667789e-03
1.342832149999999956e+03 1.247223163152584103e-03
1.419853029999999990e+03 1.182065207731753612e-03
1.501291500000000042e+03 1.120602752762600357e-03
1.587401119999999992e+03 1.062472303088448505e-03
1.678449830000000020e+03 1.007440367938438469e-03
1.774719730000000027e+03 9.553149579904374883e-04
1.876512330000000020e+03 9.058976549306243988e-04
1.984143550000000005e+03 8.589488433245063680e-04
2.097948240000000169e+03 8.142980257725038976e-04
2.218280270000000201e+03 7.718492024687031690e-04
2.345514160000000174e+03 7.314556439827072168e-04
2.480044679999999971e+03 6.929899375750370053e-04
2.622292480000000069e+03 6.563434886913446483e-04
2.772699459999999817e+03 6.214057260289848747e-04
2.931733400000000074e+03 5.881344989179114642e-04
3.099888919999999871e+03 5.563328172778215759e-04
3.277689210000000003e+03 5.261103511093696491e-04
3.465685789999999997e+03 4.975285703136536272e-04
3.664467290000000048e+03 4.704977553631331045e-04
3.874650389999999788e+03 4.444113223438367604e-04
4.096888670000000275e+03 4.197131689151575211e-04
4.331874020000000201e+03 3.963554104011674049e-04
4.580334960000000137e+03 3.738491587964765561e-04
4.843049799999999777e+03 3.525305115450443755e-04
5.120832519999999931e+03 3.322480318710589547e-04
5.414548340000000280e+03 3.128368911581422729e-04
5.725110840000000280e+03 2.944531485499856478e-04
6.053486329999999725e+03 2.767922362284177835e-04
6.400692380000000412e+03 2.600868383750658524e-04
6.767817380000000412e+03 2.442263911839914520e-04
7.155999020000000201e+03 2.290510045825159527e-04
7.566446289999999863e+03 2.146949010918623962e-04
8.000435059999999794e+03 2.010288709040410093e-04
8.459316409999999451e+03 1.880794711147156927e-04
8.944512699999999313e+03 1.758422877105174939e-04
9.457542970000000423e+03 1.642715798993662514e-04
1.000000000000000000e+04 1.536295672045256868e-04
