698   0.1   3.71
4.999999329999999659e-02 1.337821429684093177e-01
5.238078530000000316e-02 1.468677606032640082e-01
5.487493799999999811e-02 1.612212196017517030e-01
5.748785289999999715e-02 1.769578009868156554e-01
6.022516640000000199e-02 1.942103061496173455e-01
6.309283520000000256e-02 2.131182331982243439e-01
6.609705089999999561e-02 2.338174435009096608e-01
6.924431770000000208e-02 2.564757336547174305e-01
7.254143799999999975e-02 2.812672140519054120e-01
7.599553470000000588e-02 3.083715169683357571e-01
7.961412519999999660e-02 3.379459990313209983e-01
8.340501790000000304e-02 3.702073383473244994e-01
8.737641570000000135e-02 4.053863639243533434e-01
9.153690929999999670e-02 4.436423811730547118e-01
9.589551390000000675e-02 4.852470904086742531e-01
1.004616390000000054e-01 5.302988336830127825e-01
1.052452029999999955e-01 5.789277494960068937e-01
1.102565229999999952e-01 6.314479236625631930e-01
1.155064779999999958e-01 6.879762872767866133e-01
1.210064069999999964e-01 7.485678499114132300e-01
1.267682159999999891e-01 8.132640962478798752e-01
1.328043790000000002e-01 8.820222107952699897e-01
1.391279699999999897e-01 9.546430539151155026e-01
1.457526389999999894e-01 1.030553675593793406e+00
1.526927650000000081e-01 1.108957282495630858e+00
1.599633540000000020e-01 1.189432202410291683e+00
1.675801130000000028e-01 1.271847593163299983e+00
1.755595799999999929e-01 1.355570881994588639e+00
1.839189830000000081e-01 1.439129818648873904e+00
1.926764099999999924e-01 1.520680695452719222e+00
2.018508460000000004e-01 1.588416639639416816e+00
2.114621399999999929e-01 1.611885014840442665e+00
2.215310480000000082e-01 1.627408446862743663e+00
2.320794310000000027e-01 1.614955514646712498e+00
2.431300730000000021e-01 1.596096723155596475e+00
2.547068889999999919e-01 1.562750206997888247e+00
2.668349440000000183e-01 1.526637067172955664e+00
2.795405089999999926e-01 1.488406773325150922e+00
2.928510009999999997e-01 1.445288305614706115e+00
3.067953589999999897e-01 1.393190912151142768e+00
3.214036230000000272e-01 1.327208838259686274e+00
3.367075319999999761e-01 1.243831348643325230e+00
3.527401090000000239e-01 1.150717489106751756e+00
3.695360719999999932e-01 1.057066437716291052e+00
3.871318400000000048e-01 9.675616252256012961e-01
4.055654109999999868e-01 8.804436533115699293e-01
4.248766900000000013e-01 7.912578215292415118e-01
4.451075489999999912e-01 6.960569014414650368e-01
4.663016500000000120e-01 6.033348877609662209e-01
4.885049459999999955e-01 5.118426767997129589e-01
5.117654799999999948e-01 4.313425521541122132e-01
5.361335870000000225e-01 3.645704327214165374e-01
5.616619590000000439e-01 3.089654340989339554e-01
5.884059670000000297e-01 2.646195805347662522e-01
6.164233679999999715e-01 2.289472771977560939e-01
6.457748410000000439e-01 1.997141889911051016e-01
6.765238639999999748e-01 1.776244721355695610e-01
7.087370750000000497e-01 1.593603832065440817e-01
7.424841519999999528e-01 1.454440377424771058e-01
7.778380510000000303e-01 1.350003227628040758e-01
8.148754240000000149e-01 1.274064984244095977e-01
8.536763189999999613e-01 1.224385105140980839e-01
8.943247199999999619e-01 1.178553505114587618e-01
9.369087219999999716e-01 1.154011954544625629e-01
9.815202950000000426e-01 1.133878780698982097e-01
1.028256180000000075e+00 1.110611175445458676e-01
1.077217340000000023e+00 1.085856635903067885e-01
1.128509879999999965e+00 1.047220985022249973e-01
1.182244660000000058e+00 9.987645634683325890e-02
1.238538149999999893e+00 9.339625095618767081e-02
1.297512049999999917e+00 8.643178337156133539e-02
1.359294060000000082e+00 7.804543594700774634e-02
1.424017910000000109e+00 6.977197400287513118e-02
1.491823670000000046e+00 6.145803727410867334e-02
1.562857869999999982e+00 5.358352443892270417e-02
1.637274619999999903e+00 4.629146744987299583e-02
1.715234640000000033e+00 3.962137127145272386e-02
1.796906829999999955e+00 3.363780192154838811e-02
1.882467869999999932e+00 2.857630014483975717e-02
1.972102999999999939e+00 2.393148745933471044e-02
2.066006180000000025e+00 1.981265532041740982e-02
2.164380550000000181e+00 1.602175946107081347e-02
2.267439130000000080e+00 1.292690456595001723e-02
2.375405069999999785e+00 1.025483330911555226e-02
2.488511799999999941e+00 8.676258971061731953e-03
2.607004170000000176e+00 7.465916587483260349e-03
2.731138710000000192e+00 6.658113030384494625e-03
2.861183880000000013e+00 6.002740522051508258e-03
2.997421259999999865e+00 5.505324300398389131e-03
3.140145780000000109e+00 5.046818011246670052e-03
3.289666180000000217e+00 4.611570876068961031e-03
3.446306229999999804e+00 4.197903490826851609e-03
3.610404490000000077e+00 3.843036492057297013e-03
3.782316680000000098e+00 3.524224226134136002e-03
3.962414739999999824e+00 3.220876448858059349e-03
4.151087760000000237e+00 2.995414619640382470e-03
4.348745349999999732e+00 2.796525498567266257e-03
4.555814269999999944e+00 2.635430127279685727e-03
4.772742270000000175e+00 2.558823181250123851e-03
5.000000000000000000e+00 2.340257649275408712e-03
5.020879270000000005e+00 2.338492084819368717e-03
5.041846750000000377e+00 2.336740474352471710e-03
5.062900540000000227e+00 2.335002562624847403e-03
5.084043499999999938e+00 2.333278364828574730e-03
5.105273719999999571e+00 2.331567748876212445e-03
5.126592640000000145e+00 2.329871062548587255e-03
5.148001189999999561e+00 2.328187337965870359e-03
5.169498439999999917e+00 2.326517437228568189e-03
5.191086290000000325e+00 2.324861348880625893e-03
5.212763309999999706e+00 2.323218407560691083e-03
5.234531399999999834e+00 2.321588754517070648e-03
5.256390569999999762e+00 2.319972531516532183e-03
5.278340339999999742e+00 2.318369560330497525e-03
5.300382609999999772e+00 2.316780094312902594e-03
5.322516440000000237e+00 2.315203659521536395e-03
5.344742769999999865e+00 2.313640543654533338e-03
5.367062090000000119e+00 2.312090417806392934e-03
5.389474390000000170e+00 2.310553534428656190e-03
5.411980630000000403e+00 2.309029798285683419e-03
5.434580330000000181e+00 2.307519078121659812e-03
5.457274439999999949e+00 2.306021433048007288e-03
5.480063920000000088e+00 2.304536646266629879e-03
5.502947810000000217e+00 2.302056497420519078e-03
5.525928020000000274e+00 2.292771425818480608e-03
5.549003599999999814e+00 2.283526936937444428e-03
5.572175500000000170e+00 2.274323213115802753e-03
5.595444679999999948e+00 2.265159504948984631e-03
5.618810650000000351e+00 2.256035656878574523e-03
5.642274859999999670e+00 2.246951415309931914e-03
5.665836330000000309e+00 2.237907102996524421e-03
5.689496039999999866e+00 2.228902311658220118e-03
5.713254929999999732e+00 2.219936936540076438e-03
5.737112999999999907e+00 2.211010371594988953e-03
5.761070250000000392e+00 2.202123230212884187e-03
5.785128590000000237e+00 2.193274025853674501e-03
5.809286120000000331e+00 2.184464169162823616e-03
5.833545680000000289e+00 2.175691971011245365e-03
5.857905859999999798e+00 2.166958330193013635e-03
5.882367610000000191e+00 2.158262919066423428e-03
5.906932349999999943e+00 2.149604822688280618e-03
5.931599140000000325e+00 2.140984459507373414e-03
5.956369399999999814e+00 2.132401692402413965e-03
5.981242179999999742e+00 2.123856319004817708e-03
6.006218910000000299e+00 2.115384012627417442e-03
6.031301019999999902e+00 2.107056819340806086e-03
6.056487080000000134e+00 2.098766138118707617e-03
6.081778530000000238e+00 2.090511597354040990e-03
6.107175350000000336e+00 2.082292925956453784e-03
6.132678030000000113e+00 2.074110381298267369e-03
6.158287999999999762e+00 2.065963108022465192e-03
6.184004309999999727e+00 2.057851509643659170e-03
6.209828850000000067e+00 2.049774628181143688e-03
6.235760209999999581e+00 2.041733656479445460e-03
6.261799810000000299e+00 2.033727351110977029e-03
6.287949089999999686e+00 2.025755794885837017e-03
6.314206600000000336e+00 2.017819140097512707e-03
6.340574740000000098e+00 2.009916593157612050e-03
6.367052079999999670e+00 2.002048638692825819e-03
6.393639560000000444e+00 1.994215067012622584e-03
6.420339580000000268e+00 1.986414895861532675e-03
6.447150230000000093e+00 1.978648617949401237e-03
6.474073409999999917e+00 1.970916289598870132e-03
6.501108170000000186e+00 1.963617447073663213e-03
6.528255940000000201e+00 1.965716537187384150e-03
6.555517670000000408e+00 1.967824352623779964e-03
6.582892890000000108e+00 1.969941488683144091e-03
6.610383030000000382e+00 1.972068112933487646e-03
6.637986660000000150e+00 1.974203375354714220e-03
6.665706160000000047e+00 1.976348312046184632e-03
6.693541999999999881e+00 1.978502635223041307e-03
6.721493240000000036e+00 1.980666367641727241e-03
6.749562260000000258e+00 1.982839553432271060e-03
6.777747630000000356e+00 1.985022378594217089e-03
6.806050299999999886e+00 1.987214573530967678e-03
6.834472660000000310e+00 1.989416559783427005e-03
6.863012310000000227e+00 1.991628225887375706e-03
6.891672129999999896e+00 1.993849756858841454e-03
6.920450690000000016e+00 1.996080947269485845e-03
6.949349400000000010e+00 1.998322182887957675e-03
6.978370189999999695e+00 2.000573346897343598e-03
7.007510660000000335e+00 2.005100488610155485e-03
7.036774160000000222e+00 2.016170261040219243e-03
7.066158770000000366e+00 2.027237592465315832e-03
7.095665930000000010e+00 2.038303359946432459e-03
7.125297549999999980e+00 2.049368471777739033e-03
7.155051710000000398e+00 2.060431950415046731e-03
7.184930800000000062e+00 2.071494973867962948e-03
7.214934350000000052e+00 2.082557543923791929e-03
7.245062830000000176e+00 2.093619921738007223e-03
7.275318150000000372e+00 2.104682631208780637e-03
7.305698869999999623e+00 2.115745703358785750e-03
7.336207390000000217e+00 2.126809718892695711e-03
7.366842270000000248e+00 2.137874341136983790e-03
7.397605419999999654e+00 2.148940390070616657e-03
7.428497789999999767e+00 2.160008114049754603e-03
7.459517960000000336e+00 2.171077509426226453e-03
7.490667819999999644e+00 2.182149060094327499e-03
7.521948809999999597e+00 2.233434938346148899e-03
7.553359509999999943e+00 2.301874148642781871e-03
7.584902289999999603e+00 2.370339873191043296e-03
7.616575720000000160e+00 2.438835730266880695e-03
7.648381230000000031e+00 2.507362772252060435e-03
7.680321219999999727e+00 2.575928346361581241e-03
7.712392809999999876e+00 2.644526795014095263e-03
7.744599820000000356e+00 2.713167236927400711e-03
7.776940350000000279e+00 2.781847489038148137e-03
7.809415819999999897e+00 2.850571078350717068e-03
7.842027660000000289e+00 2.919341891776026064e-03
7.874774930000000062e+00 2.988159794583971750e-03
7.907660009999999851e+00 3.057030211024009975e-03
7.940680979999999778e+00 3.125950911464510373e-03
7.973840240000000357e+00 3.194924584870843624e-03
8.007139210000000062e+00 3.320873739266120336e-03
8.040575979999999845e+00 3.656336430001167100e-03
8.074152950000000217e+00 3.992658392554275168e-03
8.107870099999999525e+00 4.329862232445663706e-03
8.141726489999999927e+00 4.667941101668264189e-03
8.175726889999999969e+00 5.006960208148199601e-03
8.209867479999999773e+00 5.598906134170598091e-03
8.244152070000000165e+00 6.815618623564815952e-03
8.278577800000000764e+00 8.037200382570794041e-03
8.313148500000000496e+00 9.263836948710682181e-03
8.347864149999999483e+00 1.049557923752536190e-02
8.382723809999999887e+00 1.173244165117290003e-02
8.417729380000000816e+00 1.332276033981866399e-02
8.452880860000000496e+00 1.526120466313908401e-02
8.488179210000000197e+00 1.720880815382013276e-02
8.523625369999999535e+00 1.916570707756179090e-02
8.559219360000000165e+00 2.113199308675145494e-02
8.594962119999999928e+00 2.310778502130503634e-02
8.630853650000000599e+00 2.555204805447398517e-02
8.666894909999999896e+00 2.808074050218148723e-02
8.703087809999999536e+00 3.061897868552943339e-02
8.739430430000000527e+00 3.316672744208675611e-02
8.775926589999999194e+00 3.572442328598190997e-02
8.812573430000000485e+00 3.867417349677253202e-02
8.849373820000000279e+00 4.236537739076715742e-02
8.886328699999999969e+00 4.606392908245381806e-02
8.923436159999999617e+00 4.976975080950209879e-02
8.960700989999999422e+00 5.348341514722376733e-02
8.998119349999999628e+00 5.720465407118345558e-02
9.035694120000000495e+00 6.126655436743450728e-02
9.073427199999999360e+00 6.533480744290458275e-02
9.111316679999999835e+00 6.939073409103033163e-02
9.149365429999999577e+00 7.343424448958599249e-02
9.187571529999999598e+00 7.746484386718394122e-02
9.225937840000000278e+00 8.132165647664622854e-02
9.264465330000000165e+00 8.506744525138580648e-02
9.303152080000000268e+00 8.877462920685885717e-02
9.342001910000000464e+00 9.244294190812185619e-02
9.381012919999999866e+00 9.607161084662640960e-02
9.420187000000000310e+00 9.930534530236945212e-02
9.459526059999999958e+00 1.021559312493832000e-01
9.499027249999999256e+00 1.049546753464063314e-01
9.538695340000000300e+00 1.077016493222093113e-01
9.578527449999999277e+00 1.103968720808626708e-01
9.618525509999999556e+00 1.126895162677623574e-01
9.658693310000000309e+00 1.145257574651445259e-01
9.699026110000000145e+00 1.163139283961438508e-01
9.739527700000000010e+00 1.180547286853164540e-01
9.780200000000000671e+00 1.197483751171141281e-01
9.821041109999999463e+00 1.209098923646115820e-01
9.862053870000000444e+00 1.215769730430461548e-01
9.903236390000000000e+00 1.222105678739893730e-01
9.944590570000000795e+00 1.228112238947909052e-01
9.986119269999999659e+00 1.233794617094407242e-01
1.002781960000000083e+01 1.233358612524310810e-01
1.006969549999999991e+01 1.229881674027661909e-01
1.011174680000000059e+01 1.226301468437743930e-01
1.015397070000000035e+01 1.222622242228036810e-01
1.019637389999999932e+01 1.218846630417027288e-01
1.023895360000000032e+01 1.211233059751701674e-01
1.028170869999999937e+01 1.203280376157669501e-01
1.032464500000000029e+01 1.195342611450163489e-01
1.036776069999999983e+01 1.187421758843695552e-01
1.041105370000000008e+01 1.178436441722891803e-01
1.045452979999999954e+01 1.166359541533899952e-01
1.049818800000000074e+01 1.154399382940300978e-01
1.054202839999999952e+01 1.142556163624196403e-01
1.058604910000000032e+01 1.130830412316894268e-01
1.063025670000000034e+01 1.113335196175393033e-01
1.067464829999999942e+01 1.093397085005469310e-01
1.071922299999999950e+01 1.073764880903627511e-01
1.076398559999999982e+01 1.054433181001141195e-01
1.080893610000000038e+01 1.034806325135890909e-01
1.085407159999999926e+01 1.013093417189015327e-01
1.089939790000000031e+01 9.916895229591593530e-02
1.094491389999999953e+01 9.705922751117505853e-02
1.099061679999999974e+01 9.497999823844734124e-02
1.103651329999999930e+01 9.278280058489087045e-02
1.108260150000000088e+01 9.057684788824400812e-02
1.112888240000000017e+01 8.839987835992309251e-02
1.117535400000000045e+01 8.625177961736447962e-02
1.122202210000000022e+01 8.398321116442976353e-02
1.126888560000000084e+01 8.157776294285881691e-02
1.131594089999999930e+01 7.920299052665734363e-02
1.136319639999999964e+01 7.685825166742042691e-02
1.141064929999999933e+01 7.442531998787270398e-02
1.145829679999999939e+01 7.161201845801185017e-02
1.150614640000000044e+01 6.882649615654490294e-02
1.155419640000000037e+01 6.606886274946420501e-02
1.160244660000000039e+01 6.333660658038742231e-02
1.165089509999999962e+01 6.057867393241561649e-02
1.169954869999999936e+01 5.783745461458623255e-02
1.174840640000000036e+01 5.511325830630475764e-02
1.179746440000000085e+01 5.240652986595788210e-02
1.184673019999999966e+01 4.979045275831860823e-02
1.189620210000000000e+01 4.718099486485966693e-02
1.194587710000000058e+01 4.457428648823363870e-02
1.199576380000000064e+01 4.197009871462366315e-02
1.204585739999999916e+01 4.015097702150220715e-02
1.209616089999999922e+01 3.839573597811315325e-02
1.214667129999999950e+01 3.663153567089484641e-02
1.219739530000000016e+01 3.485807576085026699e-02
1.224833199999999955e+01 3.307532484978018689e-02
1.229947759999999946e+01 3.128334844743382859e-02
1.235084059999999972e+01 2.948179213315263100e-02
1.240241720000000036e+01 2.767072841015647336e-02
1.245420649999999974e+01 2.585013197334754681e-02
1.250621510000000036e+01 2.417356306899107188e-02
1.255844120000000075e+01 2.362650562962432740e-02
1.261088469999999973e+01 2.307564297038067896e-02
1.266354469999999921e+01 2.252090518005881933e-02
1.271642680000000070e+01 2.196204165105748382e-02
1.276953119999999942e+01 2.139903793033735152e-02
1.282285309999999967e+01 2.083177278645595779e-02
1.287640090000000015e+01 2.026009078188092255e-02
1.293017290000000052e+01 1.968387102254931867e-02
1.298416609999999949e+01 1.910303011661798264e-02
1.303838730000000012e+01 1.913582385218561693e-02
1.309283540000000023e+01 1.942550324081462193e-02
1.314751150000000024e+01 1.971751610204705574e-02
1.320241170000000075e+01 2.001188541612243521e-02
1.325754449999999984e+01 2.030867644457362564e-02
1.331290820000000075e+01 2.060791912603105597e-02
1.336849980000000038e+01 2.090963229403083184e-02
1.342432589999999948e+01 2.121387486021930960e-02
1.348038580000000053e+01 2.152067884933829903e-02
1.353667639999999928e+01 2.193111352749000514e-02
1.359320549999999983e+01 2.239731548983945816e-02
1.364997100000000074e+01 2.286490363705739534e-02
1.370697310000000080e+01 2.333390261700973162e-02
1.376420970000000032e+01 2.380431629625668136e-02
1.382168869999999927e+01 2.427622099829826463e-02
1.387940790000000035e+01 2.474962359150740393e-02
1.393736460000000044e+01 2.522451622725131737e-02
1.399556639999999952e+01 2.570098601907476812e-02
1.405401230000000012e+01 2.607931627776263403e-02
1.411269760000000062e+01 2.645062188358287755e-02
1.417163279999999936e+01 2.682316964325881514e-02
1.423081299999999949e+01 2.719694834717811122e-02
1.429023650000000067e+01 2.757196628936684282e-02
1.434991259999999968e+01 2.794828913874576257e-02
1.440983770000000064e+01 2.832591234303727390e-02
1.447001359999999970e+01 2.870485134832147234e-02
1.453043650000000042e+01 2.912833385774793102e-02
1.459111500000000028e+01 2.959695209687632569e-02
1.465204810000000002e+01 3.006840096385254152e-02
1.471323010000000053e+01 3.054266157074613311e-02
1.477467249999999943e+01 3.101986690503247615e-02
1.483637140000000088e+01 3.150000994017190109e-02
1.489832400000000057e+01 3.198310987594920468e-02
1.496053979999999939e+01 3.246926916634475246e-02
1.502301499999999912e+01 3.327409820496762816e-02
1.508575060000000079e+01 3.462670811052535880e-02
1.514874460000000056e+01 3.598603186579508312e-02
1.521200559999999946e+01 3.735230315146417790e-02
1.527553080000000030e+01 3.872556311172523080e-02
1.533931729999999938e+01 4.010583526485773931e-02
1.540337470000000053e+01 4.149342440882291400e-02
1.546769910000000081e+01 4.288838393641407343e-02
1.553228760000000008e+01 4.449705957514028809e-02
1.559715079999999965e+01 4.631571087819812138e-02
1.566228390000000026e+01 4.813584581177251381e-02
1.572768970000000088e+01 4.995750315703170047e-02
1.579336359999999928e+01 5.178050605258982531e-02
1.585931680000000021e+01 5.360507580188917515e-02
1.592554570000000069e+01 5.543113076610072659e-02
1.599204639999999955e+01 5.722724083485598856e-02
1.605882839999999945e+01 5.903981979701965893e-02
1.612589069999999936e+01 6.083611049746345117e-02
1.619322779999999895e+01 6.261713440156951860e-02
1.626085090000000122e+01 6.438286569748820354e-02
1.632875629999999845e+01 6.613309581081024124e-02
1.639694400000000130e+01 6.786750384470273401e-02
1.646541399999999911e+01 6.958585015444525290e-02
1.653417400000000015e+01 7.102652847426799143e-02
1.660322000000000031e+01 7.218388417372638421e-02
1.667255019999999988e+01 7.332246831692602884e-02
1.674217409999999973e+01 7.444236958332908771e-02
1.681208990000000014e+01 7.554348786081108158e-02
1.688229180000000085e+01 7.662562379296225523e-02
1.695279310000000095e+01 7.768893516860789217e-02
1.702358819999999895e+01 7.859912213548082838e-02
1.709467890000000168e+01 7.922278638798073425e-02
1.716606140000000025e+01 7.982963622583903740e-02
1.723774530000000027e+01 8.041981809825117511e-02
1.730973050000000057e+01 8.099336547784626028e-02
1.738201139999999967e+01 8.155030996781112429e-02
1.745459939999999932e+01 8.209079143431324832e-02
1.752748869999999926e+01 8.245943379322961952e-02
1.760067940000000064e+01 8.255915774210516311e-02
1.767417909999999992e+01 8.264935623548450017e-02
1.774798579999999859e+01 8.272992942466007860e-02
1.782210159999999988e+01 8.280116686042396368e-02
1.789652249999999967e+01 8.277001217163108826e-02
1.797125820000000118e+01 8.281529337194215579e-02
1.804630470000000031e+01 8.263076895287781165e-02
1.812166210000000177e+01 8.230582875510603080e-02
1.819733809999999963e+01 8.197919517441899784e-02
1.827333069999999893e+01 8.165085968801723271e-02
1.834963420000000056e+01 8.132109101636948723e-02
1.842626190000000008e+01 8.098983536613488243e-02
1.850321010000000044e+01 8.065299963480766776e-02
1.858047489999999868e+01 8.021948490017852262e-02
1.865806579999999926e+01 7.978721487179990524e-02
1.873598289999999977e+01 7.935616153256158656e-02
1.881422420000000173e+01 7.892640186689620085e-02
1.889278600000000097e+01 7.849797928582094575e-02
1.897168350000000103e+01 7.807083133064986191e-02
1.905090900000000076e+01 7.759543425474225986e-02
1.913045879999999954e+01 7.709489193244445371e-02
1.921034810000000093e+01 7.659697051783728727e-02
1.929057119999999870e+01 7.610174490839828609e-02
1.937112240000000085e+01 7.560923674219641177e-02
1.945201679999999911e+01 7.511938210540897165e-02
1.953324890000000025e+01 7.463819575478759794e-02
1.961481859999999955e+01 7.416826160389491940e-02
1.969672389999999851e+01 7.370091756199333155e-02
1.977897829999999857e+01 7.323609797912805641e-02
1.986157419999999973e+01 7.277384699291930548e-02
1.994451139999999967e+01 7.231417789937041873e-02
2.002779960000000159e+01 7.183730232204491029e-02
2.011143489999999900e+01 7.132400357612229957e-02
2.019541549999999930e+01 7.081393750044215341e-02
2.027975079999999863e+01 7.030706720577700741e-02
2.036443900000000085e+01 6.980339204420900334e-02
2.044948199999999972e+01 6.930289122005980906e-02
2.053487210000000118e+01 6.880560143234421000e-02
2.062062639999999902e+01 6.831142933544791240e-02
2.070673749999999913e+01 6.782041838226213204e-02
2.079320339999999945e+01 6.733256755957106598e-02
2.088003540000000058e+01 6.684781980404175261e-02
2.096722979999999836e+01 6.636618157623656866e-02
2.105478480000000019e+01 6.595855199496057641e-02
2.114270780000000016e+01 6.559543822003266467e-02
2.123100090000000151e+01 6.523408762731199018e-02
2.131966020000000128e+01 6.487450868542513072e-02
2.140868569999999949e+01 6.451670598607582574e-02
2.149808880000000144e+01 6.416062606478847852e-02
2.158786389999999855e+01 6.380629589212090391e-02
2.167800899999999942e+01 6.345373112393029591e-02
2.176853559999999987e+01 6.310287856235698156e-02
2.185944179999999903e+01 6.275373889228626212e-02
2.195071980000000167e+01 6.240636305700634351e-02
2.204238700000000151e+01 6.209712530018930005e-02
2.213443570000000094e+01 6.183150100031390567e-02
2.222686960000000056e+01 6.156676673321775928e-02
2.231968309999999889e+01 6.130295019908806042e-02
2.241288949999999858e+01 6.104001993348109195e-02
2.250648500000000141e+01 6.077798146220292352e-02
2.260046579999999850e+01 6.051685994558218123e-02
2.269484519999999961e+01 6.025662373825525775e-02
2.278961939999999942e+01 5.999726686498716571e-02
2.288478279999999998e+01 5.973880070987729746e-02
2.298034859999999924e+01 5.948123839019655440e-02
2.307631489999999985e+01 5.923766129191013891e-02
2.317268179999999944e+01 5.899808983089687570e-02
2.326944350000000128e+01 5.875916164025351413e-02
2.336661720000000031e+01 5.852088398310641149e-02
2.346419530000000009e+01 5.828325322570895167e-02
2.356217579999999856e+01 5.804628217205565210e-02
2.366057209999999955e+01 5.780993495138625482e-02
2.375937839999999923e+01 5.757424155856253473e-02
2.385859110000000172e+01 5.733921723629756967e-02
2.395822330000000022e+01 5.710483660242849507e-02
2.405827329999999975e+01 5.680024370528536509e-02
2.415873339999999914e+01 5.644661572940494476e-02
2.425962069999999926e+01 5.609511464739769249e-02
2.436092760000000013e+01 5.574576557509200447e-02
2.446265980000000084e+01 5.539855170522327982e-02
2.456480790000000169e+01 5.505350569858805804e-02
2.466739079999999973e+01 5.471057076789424128e-02
2.477040290000000056e+01 5.436974375189040920e-02
2.487383649999999946e+01 5.403108871459834373e-02
2.497770879999999849e+01 5.369451638582738162e-02
2.508201599999999942e+01 5.331107180977706639e-02
2.518675229999999843e+01 5.291701470754867770e-02
2.529193120000000050e+01 5.252578331272129281e-02
2.539755059999999887e+01 5.213734101625999012e-02
2.550361059999999824e+01 5.175168155712475682e-02
2.561010549999999952e+01 5.136883180241980790e-02
2.571705439999999854e+01 5.098869762289573448e-02
2.582444759999999917e+01 5.061132271476932731e-02
2.593228339999999932e+01 5.023669875897994463e-02
2.604057690000000136e+01 4.985282456019320130e-02
2.614932250000000025e+01 4.945188400175301591e-02
2.625851439999999926e+01 4.905399616008560004e-02
2.636816980000000044e+01 4.865909148638530163e-02
2.647828289999999996e+01 4.826718557945768040e-02
2.658885769999999837e+01 4.787825300661179007e-02
2.669988439999999841e+01 4.749231657481026159e-02
2.681138229999999822e+01 4.710931404009542633e-02
2.692334749999999843e+01 4.672924341483351146e-02
2.703577230000000142e+01 4.632839679801070698e-02
2.714867209999999886e+01 4.588006501068756654e-02
2.726204489999999936e+01 4.543552829805053150e-02
2.737588500000000025e+01 4.499477731901021377e-02
2.749020579999999825e+01 4.455776610197939580e-02
2.760500529999999841e+01 4.412447593690516784e-02
2.772028350000000074e+01 4.369489711777239244e-02
2.783603480000000019e+01 4.326903070788071931e-02
2.795227810000000090e+01 4.284679863513377734e-02
2.806900789999999901e+01 4.243224971575128984e-02
2.818621440000000078e+01 4.202388390004908186e-02
2.830392069999999904e+01 4.161875415737839590e-02
2.842211719999999886e+01 4.121688214755116902e-02
2.854080009999999845e+01 4.081827494927006000e-02
2.865998649999999870e+01 4.042286138745700141e-02
2.877967070000000049e+01 4.003065206880466326e-02
2.889985469999999879e+01 3.964163169260902231e-02
2.902053259999999923e+01 3.924016301306822857e-02
2.914172170000000150e+01 3.876562742904092473e-02
2.926341820000000027e+01 3.829460271210119449e-02
2.938561250000000058e+01 3.782713071495235474e-02
2.950832750000000004e+01 3.736310620380443176e-02
2.963155360000000016e+01 3.690257029474320466e-02
2.975528720000000149e+01 3.644550851318981849e-02
2.987954519999999903e+01 3.599187483053966491e-02
3.000432209999999955e+01 3.554250077011664177e-02
3.012961960000000161e+01 3.511936773956690627e-02
3.025543210000000016e+01 3.469868556856377240e-02
3.038177870000000169e+01 3.428041166981821153e-02
3.050865359999999882e+01 3.386455386835455356e-02
3.063604929999999982e+01 3.345113309552338182e-02
3.076398470000000174e+01 3.304009919253412392e-02
3.089245610000000042e+01 3.263145166884093284e-02
3.102145390000000091e+01 3.222523949467241688e-02
3.115099909999999994e+01 3.182137128159371470e-02
3.128108599999999839e+01 3.141987447716759058e-02
3.141170689999999865e+01 3.102078103493407721e-02
3.154288100000000128e+01 3.062402436545826750e-02
3.167460439999999977e+01 3.022961308538562458e-02
3.180687710000000124e+01 2.983754496930479672e-02
3.193969350000000063e+01 2.944784339227602202e-02
3.207307430000000181e+01 2.909406060606829075e-02
3.220701220000000120e+01 2.876977374393485665e-02
3.234149930000000239e+01 2.844701085649111588e-02
3.247655489999999645e+01 2.812573033880515563e-02
3.261217880000000235e+01 2.780593547015231676e-02
3.274835970000000174e+01 2.748765205851575952e-02
3.288511660000000347e+01 2.717084197755197800e-02
3.302244189999999691e+01 2.685551613322000389e-02
3.316034319999999980e+01 2.654165858695164970e-02
3.329881290000000149e+01 2.622929783257037933e-02
3.343786999999999665e+01 2.591837869319482332e-02
3.357750320000000244e+01 2.560893537206638745e-02
3.371771619999999814e+01 2.530096417623667673e-02
3.385852049999999736e+01 2.499442971361898191e-02
3.399991229999999831e+01 2.468934911456888842e-02
3.414188769999999806e+01 2.443603684212047183e-02
3.428446199999999777e+01 2.418372329935558618e-02
3.442763519999999744e+01 2.393238737316719447e-02
3.457140350000000240e+01 2.368202965942845309e-02
3.471576689999999843e+01 2.343264643578525652e-02
3.486073679999999797e+01 2.318422825943246626e-02
3.500631709999999686e+01 2.293676363797432158e-02
3.515249250000000103e+01 2.269027893091180026e-02
3.529928970000000277e+01 2.244474044584794312e-02
3.544670099999999735e+01 2.220014332545501567e-02
3.559471510000000194e+01 2.195652406060923795e-02
3.574335860000000054e+01 2.171383469301493493e-02
3.589262389999999669e+01 2.147208054415977035e-02
3.604251099999999752e+01 2.123667576639617915e-02
3.619301219999999830e+01 2.101596315834202214e-02
3.634415440000000075e+01 2.079625848737118310e-02
3.649592969999999781e+01 2.057757896840751652e-02
3.664832690000000071e+01 2.035993752960372355e-02
3.680136869999999760e+01 2.014329980978525267e-02
3.695505140000000210e+01 1.992767411746073150e-02
3.710936360000000178e+01 1.971308187871012238e-02
3.726433180000000078e+01 1.912352279667286353e-02
3.741994859999999790e+01 1.891410420903694503e-02
3.757621379999999789e+01 1.870568273955513020e-02
3.773312380000000132e+01 1.849826216621470315e-02
3.789069369999999992e+01 1.829182141404991566e-02
3.804892730000000256e+01 1.809085404177577031e-02
3.820780940000000214e+01 1.790078376799324883e-02
3.836736299999999744e+01 1.771140586878064763e-02
3.852758790000000033e+01 1.752272303823628266e-02
3.868846510000000194e+01 1.733475007383464966e-02
3.885002899999999926e+01 1.714745453840891415e-02
3.901226810000000000e+01 1.696085080335966305e-02
3.917518230000000301e+01 1.677493367767819016e-02
3.933876800000000173e+01 1.658971648033929699e-02
3.950304409999999677e+01 1.640517319746540026e-02
3.966801070000000351e+01 1.622130540596024642e-02
3.983365249999999946e+01 1.603812808657440608e-02
3.999999619999999823e+01 1.585561549352232716e-02
4.229427720000000335e+01 1.360378096361681416e-02
4.472013849999999735e+01 1.167176402411445463e-02
4.728515620000000297e+01 1.001412341089276403e-02
4.999729159999999695e+01 1.057145239305306433e-02
5.286497500000000116e+01 9.216338912726860372e-03
5.589715189999999723e+01 8.039205209764709731e-03
5.910324479999999880e+01 7.159084097964161543e-03
6.249321750000000009e+01 6.311986193125584434e-03
6.607764430000000289e+01 5.558440614761595358e-03
6.986763759999999479e+01 4.968633330259300020e-03
7.387503809999999760e+01 4.447957620483783923e-03
7.811228939999999454e+01 3.982745216445851902e-03
8.259255980000000363e+01 3.580494844185406512e-03
8.732982640000000174e+01 3.220640852174447635e-03
9.233880619999999340e+01 2.880169699742683199e-03
9.763505550000000710e+01 2.558030184293628734e-03
1.032350849999999980e+02 2.311305852143863762e-03
1.091563419999999951e+02 2.120378442262920750e-03
1.154172290000000061e+02 1.939787988485835177e-03
1.220372160000000008e+02 1.768972916414988982e-03
1.290369110000000035e+02 1.607401729781455808e-03
1.364380800000000136e+02 1.454572475959791007e-03
1.442636870000000044e+02 1.310011395168961604e-03
1.525382229999999879e+02 1.173266977629356658e-03
1.612873690000000124e+02 1.043916162502576050e-03
1.705383300000000020e+02 9.215580644393528897e-04
1.803199009999999873e+02 8.058133710302724283e-04
1.906625209999999981e+02 6.963237267747792412e-04
2.015982510000000048e+02 6.004371234986983531e-04
2.131613309999999899e+02 5.546427241896291016e-04
2.253876190000000008e+02 5.113318223926847277e-04
2.383151860000000113e+02 4.703695271973662158e-04
2.519842380000000048e+02 4.316284341582844459e-04
2.664371639999999957e+02 3.949883356522489761e-04
2.817192079999999805e+02 3.603345362401527284e-04
2.978777769999999805e+02 3.275596011865719321e-04
3.149631650000000036e+02 2.965615411825522039e-04
3.330285339999999792e+02 2.672439426960797966e-04
3.521300659999999993e+02 2.395156700095157096e-04
3.723269960000000083e+02 2.132907346502862286e-04
3.936825559999999768e+02 1.884870871453034650e-04
4.162630310000000122e+02 1.650278511104468675e-04
4.401386410000000069e+02 1.428401537943362423e-04
4.653836979999999812e+02 1.218550259853964430e-04
4.920767210000000205e+02 1.020072997941716934e-04
5.203004760000000033e+02 9.124146875475979660e-05
5.501433719999999994e+02 8.161168840319851521e-05
5.816979979999999841e+02 7.299818336989375388e-05
6.150624390000000403e+02 6.529373518226208681e-05
6.503405760000000555e+02 5.840239661009027705e-05
6.876418459999999868e+02 5.223841181697688561e-05
7.270829469999999901e+02 4.672492351698950711e-05
7.687862549999999828e+02 4.179333683340917137e-05
8.128815309999999954e+02 3.738223989586922407e-05
8.595060419999999795e+02 3.343669666823966772e-05
9.088047490000000153e+02 2.990758254807041763e-05
9.609305419999999458e+02 2.675097477669200830e-05
1.016046690000000012e+03 2.392749737959234279e-05
1.074324100000000044e+03 2.140202504318738542e-05
1.135944089999999960e+03 1.914310552475355340e-05
1.201098510000000033e+03 1.712260218354854632e-05
1.269989990000000034e+03 1.531535502744366014e-05
1.342832149999999956e+03 1.369887102217099346e-05
1.419853029999999990e+03 1.225298680531595402e-05
1.501291500000000042e+03 1.095971242815960224e-05
1.587401119999999992e+03 9.802938001040525318e-06
1.678449830000000020e+03 8.768256766099675927e-06
1.774719730000000027e+03 7.842793157416348202e-06
1.876512330000000020e+03 7.015001454260695721e-06
1.984143550000000005e+03 6.274580473296993286e-06
2.097948240000000169e+03 5.612308932941341845e-06
2.218280270000000201e+03 5.019939511843830174e-06
2.345514160000000174e+03 4.490093525672387164e-06
2.480044679999999971e+03 4.016175333246892282e-06
2.622292480000000069e+03 3.592274911588955183e-06
2.772699459999999817e+03 3.213115701846728741e-06
2.931733400000000074e+03 2.873975953832519297e-06
3.099888919999999871e+03 2.570632080650668593e-06
3.277689210000000003e+03 2.299305828356707723e-06
3.465685789999999997e+03 2.056619727649442625e-06
3.664467290000000048e+03 1.839546407790540529e-06
3.874650389999999788e+03 1.645384760515080460e-06
4.096888670000000275e+03 1.471716814274911143e-06
4.331874020000000201e+03 1.316379160956594551e-06
4.580334960000000137e+03 1.177438415774186481e-06
4.843049799999999777e+03 1.053161209619419452e-06
5.120832519999999931e+03 9.420015538307270997e-07
5.414548340000000280e+03 8.425745354958688037e-07
5.725110840000000280e+03 7.536418950764482266e-07
6.053486329999999725e+03 6.740959690008721494e-07
6.400692380000000412e+03 6.029467742167176477e-07
6.767817380000000412e+03 5.393064874372778920e-07
7.155999020000000201e+03 4.823834267347821782e-07
7.566446289999999863e+03 4.314684477728430945e-07
8.000435059999999794e+03 3.859275196041125954e-07
8.459316409999999451e+03 3.451933643964796150e-07
8.944512699999999313e+03 3.087589930973441166e-07
9.457542970000000423e+03 2.761699139600799954e-07
1.000000000000000000e+04 2.470205081667507582e-07
