698   1.0   2.21
4.999999329999999659e-02 5.691137623742576367e-08
5.238078530000000316e-02 6.292957193457412058e-08
5.487493799999999811e-02 6.963087467661362683e-08
5.748785289999999715e-02 7.709989701932759029e-08
6.022516640000000199e-02 8.544412642064797120e-08
6.309283520000000256e-02 9.475196160428788066e-08
6.609705089999999561e-02 1.052324704903349157e-07
6.924431770000000208e-02 1.169397817454011167e-07
7.254143799999999975e-02 1.295239259414789555e-07
7.599553470000000588e-02 1.443268098551911066e-07
7.961412519999999660e-02 1.625055518214329632e-07
8.340501790000000304e-02 1.800231734845513540e-07
8.737641570000000135e-02 2.008850335153081925e-07
9.153690929999999670e-02 2.460686767925010131e-07
9.589551390000000675e-02 2.519115626411223468e-07
1.004616390000000054e-01 2.641253771888734535e-07
1.052452029999999955e-01 4.419338004861316978e-07
1.102565229999999952e-01 3.643496158294343388e-07
1.155064779999999958e-01 3.645149429160090703e-07
1.210064069999999964e-01 3.772964547266334854e-07
1.267682159999999891e-01 4.219679255248553925e-07
1.328043790000000002e-01 4.912271091919444755e-07
1.391279699999999897e-01 5.348883454438944179e-07
1.457526389999999894e-01 7.321749085510248832e-07
1.526927650000000081e-01 7.143444498050350105e-07
1.599633540000000020e-01 6.934844678655329851e-07
1.675801130000000028e-01 7.910623599412135597e-07
1.755595799999999929e-01 8.248470072649186332e-07
1.839189830000000081e-01 9.745223148296170999e-07
1.926764099999999924e-01 1.252214090620996198e-06
2.018508460000000004e-01 1.204006000965110387e-06
2.114621399999999929e-01 1.065267517269698257e-06
2.215310480000000082e-01 1.024512296997136527e-06
2.320794310000000027e-01 9.304950437262724581e-07
2.431300730000000021e-01 1.638053336295937177e-06
2.547068889999999919e-01 1.201664930649778580e-06
2.668349440000000183e-01 8.182898567962585210e-07
2.795405089999999926e-01 9.100157263277074647e-07
2.928510009999999997e-01 7.648489512952924966e-07
3.067953589999999897e-01 9.318067733967620092e-07
3.214036230000000272e-01 7.580036591573109818e-07
3.367075319999999761e-01 7.737409421570238887e-07
3.527401090000000239e-01 6.374936612095652869e-07
3.695360719999999932e-01 6.252971017089033007e-07
3.871318400000000048e-01 2.833919313165996174e-06
4.055654109999999868e-01 8.767230870283044592e-07
4.248766900000000013e-01 5.593838217203301200e-07
4.451075489999999912e-01 6.256352828884247681e-07
4.663016500000000120e-01 9.688029907206914053e-07
4.885049459999999955e-01 7.654667762959935352e-07
5.117654799999999948e-01 6.933400520613255196e-07
5.361335870000000225e-01 7.271493521607944629e-07
5.616619590000000439e-01 5.840871917644551352e-07
5.884059670000000297e-01 5.663163145473718292e-07
6.164233679999999715e-01 7.009681681687949071e-07
6.457748410000000439e-01 4.987338998160549690e-07
6.765238639999999748e-01 5.991292379870426003e-07
7.087370750000000497e-01 4.440919461118703080e-07
7.424841519999999528e-01 4.915918565907238274e-07
7.778380510000000303e-01 4.274545213957996709e-07
8.148754240000000149e-01 4.107415709439829238e-07
8.536763189999999613e-01 3.808187760327881673e-07
8.943247199999999619e-01 3.753957518288649693e-07
9.369087219999999716e-01 3.418503231786470978e-07
9.815202950000000426e-01 3.294717035485848936e-07
1.028256180000000075e+00 3.090001420006426463e-07
1.077217340000000023e+00 2.896202705697913299e-07
1.128509879999999965e+00 2.804763725579737450e-07
1.182244660000000058e+00 2.605417379145544733e-07
1.238538149999999893e+00 2.440016963163937776e-07
1.297512049999999917e+00 2.354944311201970782e-07
1.359294060000000082e+00 2.212675756291621633e-07
1.424017910000000109e+00 2.058372206142913182e-07
1.491823670000000046e+00 1.958588258751003443e-07
1.562857869999999982e+00 1.878633071673576644e-07
1.637274619999999903e+00 1.756726495166433371e-07
1.715234640000000033e+00 1.631814480821127448e-07
1.796906829999999955e+00 1.547835687969614543e-07
1.882467869999999932e+00 1.491982742180629661e-07
1.972102999999999939e+00 1.413468105640973944e-07
2.066006180000000025e+00 1.310818200741888805e-07
2.164380550000000181e+00 1.217132181418256840e-07
2.267439130000000080e+00 7.083741092880950290e-07
2.375405069999999785e+00 4.208099095814125923e-06
2.488511799999999941e+00 7.550663007055531201e-06
2.607004170000000176e+00 9.515685111205170118e-06
2.731138710000000192e+00 1.759193719258117503e-05
2.861183880000000013e+00 4.395206196690339199e-05
2.997421259999999865e+00 6.878737877942967351e-05
3.140145780000000109e+00 4.182761697173785698e-05
3.289666180000000217e+00 3.589889450557662547e-05
3.446306229999999804e+00 4.974492269343197114e-05
3.610404490000000077e+00 1.393339144948525950e-04
3.782316680000000098e+00 2.561047374533020372e-04
3.962414739999999824e+00 3.790997455460126046e-04
4.151087760000000237e+00 8.364793839555376099e-04
4.348745349999999732e+00 1.326994312348961759e-03
4.555814269999999944e+00 3.690141724530239271e-03
4.772742270000000175e+00 1.086529599012709367e-02
5.000000000000000000e+00 1.533595731128098265e-02
5.020879270000000005e+00 1.536611202917133670e-02
5.041846750000000377e+00 1.539624473458644192e-02
5.062900540000000227e+00 1.542637414882178093e-02
5.084043499999999938e+00 1.545649608417740996e-02
5.105273719999999571e+00 1.548660485967503359e-02
5.126592640000000145e+00 1.551670143581047184e-02
5.148001189999999561e+00 1.554678376865629812e-02
5.169498439999999917e+00 1.557685320245635538e-02
5.191086290000000325e+00 1.560690978707649466e-02
5.212763309999999706e+00 1.563694768856457862e-02
5.234531399999999834e+00 1.566697104940116200e-02
5.256390569999999762e+00 1.569697746825427301e-02
5.278340339999999742e+00 1.572696295260401708e-02
5.300382609999999772e+00 1.575692991928408226e-02
5.322516440000000237e+00 1.578687406781960692e-02
5.344742769999999865e+00 1.581679904929752037e-02
5.367062090000000119e+00 1.584669790989961038e-02
5.389474390000000170e+00 1.587656941828099327e-02
5.411980630000000403e+00 1.590641610769222281e-02
5.434580330000000181e+00 1.593623513468649805e-02
5.457274439999999949e+00 1.596602385201894778e-02
5.480063920000000088e+00 1.599578490346165519e-02
5.502947810000000217e+00 1.600486898298613195e-02
5.525928020000000274e+00 1.587448731430188970e-02
5.549003599999999814e+00 1.574488323431742776e-02
5.572175500000000170e+00 1.561605197349425975e-02
5.595444679999999948e+00 1.548797600426554157e-02
5.618810650000000351e+00 1.536065081600910577e-02
5.642274859999999670e+00 1.523406342165847804e-02
5.665836330000000309e+00 1.510820832733558716e-02
5.689496039999999866e+00 1.498307965642374159e-02
5.713254929999999732e+00 1.485866286179961596e-02
5.737112999999999907e+00 1.473495453890802734e-02
5.761070250000000392e+00 1.461194527345990868e-02
5.785128590000000237e+00 1.448962184979407306e-02
5.809286120000000331e+00 1.436798633721789002e-02
5.833545680000000289e+00 1.424702270318192396e-02
5.857905859999999798e+00 1.412672991881899938e-02
5.882367610000000191e+00 1.400710025755439944e-02
5.906932349999999943e+00 1.388812131702842588e-02
5.931599140000000325e+00 1.376978857873094493e-02
5.956369399999999814e+00 1.365209879557896869e-02
5.981242179999999742e+00 1.353504570616363874e-02
6.006218910000000299e+00 1.369478905186092589e-02
6.031301019999999902e+00 1.468646744843202408e-02
6.056487080000000134e+00 1.567322842439271280e-02
6.081778530000000238e+00 1.665517069529720215e-02
6.107175350000000336e+00 1.763232706399011154e-02
6.132678030000000113e+00 1.860475770649014024e-02
6.158287999999999762e+00 1.957255336482635957e-02
6.184004309999999727e+00 2.053570931484196074e-02
6.209828850000000067e+00 2.116604660612013064e-02
6.235760209999999581e+00 2.125953362430791846e-02
6.261799810000000299e+00 2.135292933296148790e-02
6.287949089999999686e+00 2.144623388703163769e-02
6.314206600000000336e+00 2.153944247814303103e-02
6.340574740000000098e+00 2.163255616945622406e-02
6.367052079999999670e+00 2.172555938363154512e-02
6.393639560000000444e+00 2.181847151436454649e-02
6.420339580000000268e+00 2.191129025846424300e-02
6.447150230000000093e+00 2.200400692100231564e-02
6.474073409999999917e+00 2.209662460585810895e-02
6.501108170000000186e+00 2.218910875035148139e-02
6.528255940000000201e+00 2.228148267141650402e-02
6.555517670000000408e+00 2.237377793948103211e-02
6.582892890000000108e+00 2.246597413384476480e-02
6.610383030000000382e+00 2.255806146830963838e-02
6.637986660000000150e+00 2.265003234638625351e-02
6.665706160000000047e+00 2.274189130974801909e-02
6.693541999999999881e+00 2.219120455774881845e-02
6.721493240000000036e+00 2.203680242679697740e-02
6.749562260000000258e+00 2.229901562105563589e-02
6.777747630000000356e+00 2.259325319017577507e-02
6.806050299999999886e+00 2.290300377225449463e-02
6.834472660000000310e+00 2.321118046935121207e-02
6.863012310000000227e+00 2.349666092743395510e-02
6.891672129999999896e+00 2.377104630112955932e-02
6.920450690000000016e+00 2.399299181758980659e-02
6.949349400000000010e+00 2.416988633379079862e-02
6.978370189999999695e+00 2.428692623963921160e-02
7.007510660000000335e+00 2.429129694873115308e-02
7.036774160000000222e+00 2.414010101693984944e-02
7.066158770000000366e+00 2.484854039811748919e-02
7.095665930000000010e+00 2.920997688745449392e-02
7.125297549999999980e+00 3.117081986418188469e-02
7.155051710000000398e+00 3.632096662632956080e-02
7.184930800000000062e+00 3.930367308796046955e-02
7.214934350000000052e+00 4.096418825283192761e-02
7.245062830000000176e+00 2.259417576861297641e-02
7.275318150000000372e+00 2.164069635066675351e-02
7.305698869999999623e+00 2.586667626311714777e-02
7.336207390000000217e+00 3.650640371936176437e-02
7.366842270000000248e+00 3.260146300185327167e-02
7.397605419999999654e+00 3.157357523669602345e-02
7.428497789999999767e+00 3.263742384863096979e-02
7.459517960000000336e+00 3.424435174284508332e-02
7.490667819999999644e+00 3.813024470577074110e-02
7.521948809999999597e+00 4.360858651222550286e-02
7.553359509999999943e+00 4.319068543946005118e-02
7.584902289999999603e+00 4.057147310974936610e-02
7.616575720000000160e+00 4.011541096310555776e-02
7.648381230000000031e+00 4.485148599327791474e-02
7.680321219999999727e+00 5.583160143473241133e-02
7.712392809999999876e+00 7.112772138076349504e-02
7.744599820000000356e+00 8.932950565328788561e-02
7.776940350000000279e+00 1.116901053446638925e-01
7.809415819999999897e+00 1.391389113136402012e-01
7.842027660000000289e+00 1.782147198477449512e-01
7.874774930000000062e+00 2.398276942629070652e-01
7.907660009999999851e+00 3.245137064168815977e-01
7.940680979999999778e+00 4.286561934778838068e-01
7.973840240000000357e+00 5.461888117007127619e-01
8.007139210000000062e+00 6.703213707848760805e-01
8.040575979999999845e+00 7.921431444303210778e-01
8.074152950000000217e+00 9.045009390154522544e-01
8.107870099999999525e+00 1.005999558926942594e+00
8.141726489999999927e+00 1.095492385052366791e+00
8.175726889999999969e+00 1.171117276971427090e+00
8.209867479999999773e+00 1.237453338422993099e+00
8.244152070000000165e+00 1.296967705891298728e+00
8.278577800000000764e+00 1.350048382510074418e+00
8.313148500000000496e+00 1.398506121474703656e+00
8.347864149999999483e+00 1.445453629691367370e+00
8.382723809999999887e+00 1.493082254514187301e+00
8.417729380000000816e+00 1.539944853084904031e+00
8.452880860000000496e+00 1.587762897323479860e+00
8.488179210000000197e+00 1.638820187397872497e+00
8.523625369999999535e+00 1.692300303979629383e+00
8.559219360000000165e+00 1.747865400961434723e+00
8.594962119999999928e+00 1.807304131955279392e+00
8.630853650000000599e+00 1.876587543876825581e+00
8.666894909999999896e+00 1.954280102159914323e+00
8.703087809999999536e+00 2.042937205658283517e+00
8.739430430000000527e+00 2.148116556258424126e+00
8.775926589999999194e+00 2.273509755490180417e+00
8.812573430000000485e+00 2.417762654591764981e+00
8.849373820000000279e+00 2.578003925650043549e+00
8.886328699999999969e+00 2.742063728879144957e+00
8.923436159999999617e+00 2.875446973554022012e+00
8.960700989999999422e+00 2.946910479871914124e+00
8.998119349999999628e+00 2.947845374848300892e+00
9.035694120000000495e+00 2.895290661142464916e+00
9.073427199999999360e+00 2.816220782222297991e+00
9.111316679999999835e+00 2.721510650644594076e+00
9.149365429999999577e+00 2.617423372664001047e+00
9.187571529999999598e+00 2.510250768529245669e+00
9.225937840000000278e+00 2.398974432903725695e+00
9.264465330000000165e+00 2.284260196292684952e+00
9.303152080000000268e+00 2.166611657988795514e+00
9.342001910000000464e+00 2.050908885223852618e+00
9.381012919999999866e+00 1.928473691173013371e+00
9.420187000000000310e+00 1.798728803600507797e+00
9.459526059999999958e+00 1.662710607596032730e+00
9.499027249999999256e+00 1.526053208989784027e+00
9.538695340000000300e+00 1.383930879106153977e+00
9.578527449999999277e+00 1.236025667724244492e+00
9.618525509999999556e+00 1.085005923245630610e+00
9.658693310000000309e+00 9.407286225467832441e-01
9.699026110000000145e+00 8.005869178322393420e-01
9.739527700000000010e+00 6.641606469082679265e-01
9.780200000000000671e+00 5.353898767007521098e-01
9.821041109999999463e+00 4.375365299317181544e-01
9.862053870000000444e+00 3.549203815991618383e-01
9.903236390000000000e+00 2.830675111852435921e-01
9.944590570000000795e+00 2.212135656703806408e-01
9.986119269999999659e+00 1.857502566709264280e-01
1.002781960000000083e+01 1.576518159083073189e-01
1.006969549999999991e+01 1.348828319782787999e-01
1.011174680000000059e+01 1.140874282343823654e-01
1.015397070000000035e+01 1.023539851184315091e-01
1.019637389999999932e+01 9.490759696465800310e-02
1.023895360000000032e+01 8.923962832266979506e-02
1.028170869999999937e+01 7.877666417378753616e-02
1.032464500000000029e+01 7.006440152781102937e-02
1.036776069999999983e+01 6.514598424543927013e-02
1.041105370000000008e+01 6.371677877401671353e-02
1.045452979999999954e+01 5.962951458903979068e-02
1.049818800000000074e+01 5.265253596654739798e-02
1.054202839999999952e+01 4.912915086767233319e-02
1.058604910000000032e+01 4.844552552006656937e-02
1.063025670000000034e+01 4.995314989716299892e-02
1.067464829999999942e+01 4.607094697246463116e-02
1.071922299999999950e+01 4.279879736659861905e-02
1.076398559999999982e+01 4.020280803810024478e-02
1.080893610000000038e+01 4.219352714060261439e-02
1.085407159999999926e+01 4.211688559272143417e-02
1.089939790000000031e+01 4.011373036768177414e-02
1.094491389999999953e+01 3.761972439519607747e-02
1.099061679999999974e+01 3.668386696100198879e-02
1.103651329999999930e+01 3.765315377000554020e-02
1.108260150000000088e+01 3.740370087411926808e-02
1.112888240000000017e+01 3.696319730663308323e-02
1.117535400000000045e+01 3.640828473466416193e-02
1.122202210000000022e+01 3.820373492987013536e-02
1.126888560000000084e+01 4.044154442977915959e-02
1.131594089999999930e+01 4.172412418366958087e-02
1.136319639999999964e+01 4.120551832749731747e-02
1.141064929999999933e+01 3.958326691048109219e-02
1.145829679999999939e+01 4.507409386720045985e-02
1.150614640000000044e+01 5.172339963098990245e-02
1.155419640000000037e+01 6.012113081324878261e-02
1.160244660000000039e+01 7.045901809073346067e-02
1.165089509999999962e+01 8.270157783351157754e-02
1.169954869999999936e+01 1.028934724685544033e-01
1.174840640000000036e+01 1.243810819482272512e-01
1.179746440000000085e+01 1.471012751477452640e-01
1.184673019999999966e+01 1.677051114137786125e-01
1.189620210000000000e+01 1.880281158270329100e-01
1.194587710000000058e+01 2.091787269485121115e-01
1.199576380000000064e+01 2.318637946022287233e-01
1.204585739999999916e+01 2.560036096424437302e-01
1.209616089999999922e+01 2.747876933972112634e-01
1.214667129999999950e+01 2.919263102424362044e-01
1.219739530000000016e+01 3.069435434778923777e-01
1.224833199999999955e+01 3.207129599276872245e-01
1.229947759999999946e+01 3.326723428265266902e-01
1.235084059999999972e+01 3.390119106518943437e-01
1.240241720000000036e+01 3.425479652564151767e-01
1.245420649999999974e+01 3.359833452758265171e-01
1.250621510000000036e+01 3.279110313673266885e-01
1.255844120000000075e+01 3.162232257164506732e-01
1.261088469999999973e+01 3.009345455457839158e-01
1.266354469999999921e+01 2.805192807735918392e-01
1.271642680000000070e+01 2.564409775558060267e-01
1.276953119999999942e+01 2.303153641581661693e-01
1.282285309999999967e+01 2.038346176152974476e-01
1.287640090000000015e+01 1.773527316589625924e-01
1.293017290000000052e+01 1.523706118177022839e-01
1.298416609999999949e+01 1.303150217083746953e-01
1.303838730000000012e+01 1.185167219448355624e-01
1.309283540000000023e+01 1.083605550393789974e-01
1.314751150000000024e+01 1.007937085523899629e-01
1.320241170000000075e+01 9.523102215888806787e-02
1.325754449999999984e+01 9.135175227606140425e-02
1.331290820000000075e+01 8.683821109127128068e-02
1.336849980000000038e+01 8.203493995592145427e-02
1.342432589999999948e+01 8.043933497330461868e-02
1.348038580000000053e+01 7.959957048449985140e-02
1.353667639999999928e+01 7.811278241864071104e-02
1.359320549999999983e+01 7.660996530732233634e-02
1.364997100000000074e+01 7.728069637233689337e-02
1.370697310000000080e+01 7.785254490050592946e-02
1.376420970000000032e+01 7.748751455585146941e-02
1.382168869999999927e+01 7.711561158004526240e-02
1.387940790000000035e+01 7.669733316917241861e-02
1.393736460000000044e+01 7.631734029946955766e-02
1.399556639999999952e+01 7.607406903876060000e-02
1.405401230000000012e+01 7.591031334661396679e-02
1.411269760000000062e+01 7.598933836507976158e-02
1.417163279999999936e+01 7.622299453464764785e-02
1.423081299999999949e+01 7.689358034963870991e-02
1.429023650000000067e+01 7.804866454502308593e-02
1.434991259999999968e+01 8.058235559415866112e-02
1.440983770000000064e+01 8.237879138810431934e-02
1.447001359999999970e+01 8.190993760142263602e-02
1.453043650000000042e+01 8.129160266103763188e-02
1.459111500000000028e+01 8.010628242574786839e-02
1.465204810000000002e+01 7.920543472131806595e-02
1.471323010000000053e+01 7.977990965788099575e-02
1.477467249999999943e+01 8.024671283963254187e-02
1.483637140000000088e+01 7.962469683238354579e-02
1.489832400000000057e+01 7.900871210223343877e-02
1.496053979999999939e+01 7.924076929813045345e-02
1.502301499999999912e+01 7.947406272937722338e-02
1.508575060000000079e+01 7.961955031392549398e-02
1.514874460000000056e+01 7.975655444882730205e-02
1.521200559999999946e+01 8.081951698664098516e-02
1.527553080000000030e+01 8.215116048455997633e-02
1.533931729999999938e+01 8.299892145297765866e-02
1.540337470000000053e+01 8.356574762039699344e-02
1.546769910000000081e+01 8.509333263164466088e-02
1.553228760000000008e+01 8.769899685103231535e-02
1.559715079999999965e+01 8.973323519546129445e-02
1.566228390000000026e+01 9.036481385870390182e-02
1.572768970000000088e+01 9.116222190359361821e-02
1.579336359999999928e+01 9.369314699128958313e-02
1.585931680000000021e+01 9.622246202840985252e-02
1.592554570000000069e+01 9.916029558077203709e-02
1.599204639999999955e+01 1.022770601931918821e-01
1.605882839999999945e+01 1.047620571605058226e-01
1.612589069999999936e+01 1.068633292324025208e-01
1.619322779999999895e+01 1.085389922803585011e-01
1.626085090000000122e+01 1.094596642547980003e-01
1.632875629999999845e+01 1.105441920537369588e-01
1.639694400000000130e+01 1.137047172229612019e-01
1.646541399999999911e+01 1.168684896742709367e-01
1.653417400000000015e+01 1.206127490408067382e-01
1.660322000000000031e+01 1.245327224178247316e-01
1.667255019999999988e+01 1.286058147988373146e-01
1.674217409999999973e+01 1.328776308083792212e-01
1.681208990000000014e+01 1.371506613469346547e-01
1.688229180000000085e+01 1.414497331385895507e-01
1.695279310000000095e+01 1.457480012259690927e-01
1.702358819999999895e+01 1.501228637971991353e-01
1.709467890000000168e+01 1.545249347348495728e-01
1.716606140000000025e+01 1.584311622662024355e-01
1.723774530000000027e+01 1.612376066586101997e-01
1.730973050000000057e+01 1.640443109313970971e-01
1.738201139999999967e+01 1.661303749666229734e-01
1.745459939999999932e+01 1.681265208546155465e-01
1.752748869999999926e+01 1.718251866227784030e-01
1.760067940000000064e+01 1.777274669471801405e-01
1.767417909999999992e+01 1.836339962516276292e-01
1.774798579999999859e+01 1.884373660000200901e-01
1.782210159999999988e+01 1.932015081963779635e-01
1.789652249999999967e+01 1.971733791848829243e-01
1.797125820000000118e+01 2.002213426211062741e-01
1.804630470000000031e+01 2.032736379200753007e-01
1.812166210000000177e+01 2.075682536190624483e-01
1.819733809999999963e+01 2.119754582320438341e-01
1.827333069999999893e+01 2.162014134172227375e-01
1.834963420000000056e+01 2.201268960042456757e-01
1.842626190000000008e+01 2.240681080159012406e-01
1.850321010000000044e+01 2.276234301449475417e-01
1.858047489999999868e+01 2.310971350080559539e-01
1.865806579999999926e+01 2.348886047355717710e-01
1.873598289999999977e+01 2.399602569314117362e-01
1.881422420000000173e+01 2.450715172049697799e-01
1.889278600000000097e+01 2.529762310945057879e-01
1.897168350000000103e+01 2.631630629614605255e-01
1.905090900000000076e+01 2.734513871840072996e-01
1.913045879999999954e+01 2.926282211985260506e-01
1.921034810000000093e+01 3.131413170537674096e-01
1.929057119999999870e+01 3.355573709017625195e-01
1.937112240000000085e+01 3.651481153664851709e-01
1.945201679999999911e+01 3.952733381730489381e-01
1.953324890000000025e+01 4.328898439897824191e-01
1.961481859999999955e+01 4.793122450282986113e-01
1.969672389999999851e+01 5.269147989988772762e-01
1.977897829999999857e+01 5.877975807482986870e-01
1.986157419999999973e+01 6.549275471699748108e-01
1.994451139999999967e+01 7.230950652322996053e-01
2.002779960000000159e+01 8.043871473845238818e-01
2.011143489999999900e+01 8.854168984748035376e-01
2.019541549999999930e+01 9.657380374831522341e-01
2.027975079999999863e+01 1.051294615105718311e+00
2.036443900000000085e+01 1.137165067998575196e+00
2.044948199999999972e+01 1.223243596619385753e+00
2.053487210000000118e+01 1.305716485862529641e+00
2.062062639999999902e+01 1.383091974762840293e+00
2.070673749999999913e+01 1.445549154129761149e+00
2.079320339999999945e+01 1.481424395571320662e+00
2.088003540000000058e+01 1.505346568452972544e+00
2.096722979999999836e+01 1.497638784257487643e+00
2.105478480000000019e+01 1.456849873240912085e+00
2.114270780000000016e+01 1.415114392439256852e+00
2.123100090000000151e+01 1.356774548545953252e+00
2.131966020000000128e+01 1.284043656763322216e+00
2.140868569999999949e+01 1.218095376749389613e+00
2.149808880000000144e+01 1.151034643612426578e+00
2.158786389999999855e+01 1.080940635730420096e+00
2.167800899999999942e+01 1.015826061708232642e+00
2.176853559999999987e+01 9.549376991354487920e-01
2.185944179999999903e+01 8.961662536836215720e-01
2.195071980000000167e+01 8.393558524397310983e-01
2.204238700000000151e+01 7.869762499870028849e-01
2.213443570000000094e+01 7.401293486965697666e-01
2.222686960000000056e+01 6.936367211351357476e-01
2.231968309999999889e+01 6.493560525954259477e-01
2.241288949999999858e+01 6.111557262910249921e-01
2.250648500000000141e+01 5.727513908282155786e-01
2.260046579999999850e+01 5.347909761233375914e-01
2.269484519999999961e+01 5.044896316479799969e-01
2.278961939999999942e+01 4.738657005168323000e-01
2.288478279999999998e+01 4.429428933923009182e-01
2.298034859999999924e+01 4.188455250452971512e-01
2.307631489999999985e+01 3.955553610339753168e-01
2.317268179999999944e+01 3.720281847011266962e-01
2.326944350000000128e+01 3.517107422209304057e-01
2.336661720000000031e+01 3.332662742825774904e-01
2.346419530000000009e+01 3.146811783837987209e-01
2.356217579999999856e+01 2.972601365239653237e-01
2.366057209999999955e+01 2.822333192482211484e-01
2.375937839999999923e+01 2.670999408269735809e-01
2.385859110000000172e+01 2.518976489051085177e-01
2.395822330000000022e+01 2.411663113809719705e-01
2.405827329999999975e+01 2.303774975428122262e-01
2.415873339999999914e+01 2.195311050143424203e-01
2.425962069999999926e+01 2.098746708486901036e-01
2.436092760000000013e+01 2.009236934144962849e-01
2.446265980000000084e+01 1.919426323763089581e-01
2.456480790000000169e+01 1.832664712542879659e-01
2.466739079999999973e+01 1.758982634354206709e-01
2.477040290000000056e+01 1.685043752052567678e-01
2.487383649999999946e+01 1.610845030315350979e-01
2.497770879999999849e+01 1.556807632703921807e-01
2.508201599999999942e+01 1.510538421767911033e-01
2.518675229999999843e+01 1.464178849614944933e-01
2.529193120000000050e+01 1.419091550285860315e-01
2.539755059999999887e+01 1.379722540657712104e-01
2.550361059999999824e+01 1.340374415322310442e-01
2.561010549999999952e+01 1.301046646275032526e-01
2.571705439999999854e+01 1.259884474026058687e-01
2.582444759999999917e+01 1.217540658519373070e-01
2.593228339999999932e+01 1.175180795480094409e-01
2.604057690000000136e+01 1.132796076267382351e-01
2.614932250000000025e+01 1.104685276355890505e-01
2.625851439999999926e+01 1.076942373474758241e-01
2.636816980000000044e+01 1.049207262192901752e-01
2.647828289999999996e+01 1.023559933919932496e-01
2.658885769999999837e+01 1.003229130836584826e-01
2.669988439999999841e+01 9.829426546370277629e-02
2.681138229999999822e+01 9.626962358624570337e-02
2.692334749999999843e+01 9.375593908167639823e-02
2.703577230000000142e+01 9.081673606580141500e-02
2.714867209999999886e+01 8.788189388498422738e-02
2.726204489999999936e+01 8.495137736770894121e-02
2.737588500000000025e+01 8.283701602132577391e-02
2.749020579999999825e+01 8.103373534297492187e-02
2.760500529999999841e+01 7.923349638424025121e-02
2.772028350000000074e+01 7.743621862856099602e-02
2.783603480000000019e+01 7.585704424435027460e-02
2.795227810000000090e+01 7.431878755444018547e-02
2.806900789999999901e+01 7.278496952230129047e-02
2.818621440000000078e+01 7.125569003169411608e-02
2.830392069999999904e+01 6.889859097377272479e-02
2.842211719999999886e+01 6.647499157560465832e-02
2.854080009999999845e+01 6.405722010080883155e-02
2.865998649999999870e+01 6.164487556953025110e-02
2.877967070000000049e+01 5.999345509892581307e-02
2.889985469999999879e+01 5.841019840194600077e-02
2.902053259999999923e+01 5.682963507770406181e-02
2.914172170000000150e+01 5.525148795651790845e-02
2.926341820000000027e+01 5.416769014118557463e-02
2.938561250000000058e+01 5.317091206007231591e-02
2.950832750000000004e+01 5.217664743444448000e-02
2.963155360000000016e+01 5.118493623411956434e-02
2.975528720000000149e+01 4.988208494161276707e-02
2.987954519999999903e+01 4.845874068366848308e-02
3.000432209999999955e+01 4.703935940203900212e-02
3.012961960000000161e+01 4.562390262931758506e-02
3.025543210000000016e+01 4.457146773933587380e-02
3.038177870000000169e+01 4.387266710540316944e-02
3.050865359999999882e+01 4.317533917277150551e-02
3.063604929999999982e+01 4.247950836734740859e-02
3.076398470000000174e+01 4.189490717734659087e-02
3.089245610000000042e+01 4.170108489049708517e-02
3.102145390000000091e+01 4.150825678937879182e-02
3.115099909999999994e+01 4.131637568952373912e-02
3.128108599999999839e+01 4.112546016566870355e-02
3.141170689999999865e+01 4.069500292065363761e-02
3.154288100000000128e+01 4.022626042173498701e-02
3.167460439999999977e+01 3.975936587538630301e-02
3.180687710000000124e+01 3.929431564163060608e-02
3.193969350000000063e+01 3.873150195003888241e-02
3.207307430000000181e+01 3.802957788407198420e-02
3.220701220000000120e+01 3.732998936742216306e-02
3.234149930000000239e+01 3.663277633963873264e-02
3.247655489999999645e+01 3.593781734534094024e-02
3.261217880000000235e+01 3.576145377880325660e-02
3.274835970000000174e+01 3.565278399512075702e-02
3.288511660000000347e+01 3.554472577681909440e-02
3.302244189999999691e+01 3.543727343407027802e-02
3.316034319999999980e+01 3.514756927959680061e-02
3.329881290000000149e+01 3.436682462917029640e-02
3.343786999999999665e+01 3.358938328283917613e-02
3.357750320000000244e+01 3.281530291504002744e-02
3.371771619999999814e+01 3.204456160084935556e-02
3.385852049999999736e+01 3.124208902551572908e-02
3.399991229999999831e+01 3.041570699365076652e-02
3.414188769999999806e+01 2.959230136018741603e-02
3.428446199999999777e+01 2.877177811339473937e-02
3.442763519999999744e+01 2.795413037040157811e-02
3.457140350000000240e+01 2.740075152333208003e-02
3.471576689999999843e+01 2.692937078598017786e-02
3.486073679999999797e+01 2.645972955347586711e-02
3.500631709999999686e+01 2.599181362069105661e-02
3.515249250000000103e+01 2.552566564369042681e-02
3.529928970000000277e+01 2.483582308780105108e-02
3.544670099999999735e+01 2.411455161303082545e-02
3.559471510000000194e+01 2.339617019373673584e-02
3.574335860000000054e+01 2.268054269529477807e-02
3.589262389999999669e+01 2.196770718500893824e-02
3.604251099999999752e+01 2.123205397710985209e-02
3.619301219999999830e+01 2.049510245445469378e-02
3.634415440000000075e+01 1.976058154983020496e-02
3.649592969999999781e+01 1.902852148159533963e-02
3.664832690000000071e+01 1.829897008359548244e-02
3.680136869999999760e+01 1.783811252581971041e-02
3.695505140000000210e+01 1.746149447248630804e-02
3.710936360000000178e+01 1.698917325285390773e-02
3.726433180000000078e+01 1.661745820202814583e-02
3.741994859999999790e+01 1.624687927431296697e-02
3.757621379999999789e+01 1.580199816153769060e-02
3.773312380000000132e+01 1.529610136685238819e-02
3.789069369999999992e+01 1.479200118433324392e-02
3.804892730000000256e+01 1.428968213072956926e-02
3.820780940000000214e+01 1.378918711492203505e-02
3.836736299999999744e+01 1.332584355603552012e-02
3.852758790000000033e+01 1.299447068319066652e-02
3.868846510000000194e+01 1.266405564077993130e-02
3.885002899999999926e+01 1.233456068883416121e-02
3.901226810000000000e+01 1.200599701786733697e-02
3.917518230000000301e+01 1.167833589669404343e-02
3.933876800000000173e+01 1.167287610197655437e-02
3.950304409999999677e+01 1.176957691807696028e-02
3.966801070000000351e+01 1.186611047006968546e-02
3.983365249999999946e+01 1.196247100283351870e-02
3.999999619999999823e+01 1.205867188691075315e-02
4.229427720000000335e+01 1.342316511297251408e-02
4.472013849999999735e+01 1.494204866547973846e-02
4.728515620000000297e+01 1.663281127402462325e-02
4.999729159999999695e+01 7.081252749959124869e-03
5.286497500000000116e+01 5.025121901954174991e-03
5.589715189999999723e+01 2.927141603069931090e-03
5.910324479999999880e+01 2.483774575366146879e-03
6.249321750000000009e+01 2.685924558064559098e-03
6.607764430000000289e+01 3.092772086182244209e-03
6.986763759999999479e+01 2.041820212309908983e-03
7.387503809999999760e+01 2.280764538994142516e-03
7.811228939999999454e+01 1.491683993134576688e-03
8.259255980000000363e+01 1.752250368591827751e-03
8.732982640000000174e+01 2.097514439488074381e-03
9.233880619999999340e+01 1.394691504538080572e-03
9.763505550000000710e+01 1.618312499366182308e-03
1.032350849999999980e+02 1.428380559639010842e-03
1.091563419999999951e+02 1.166690300033071262e-03
1.154172290000000061e+02 1.653368336767284310e-03
1.220372160000000008e+02 2.341692091727399800e-03
1.290369110000000035e+02 2.670271258464306918e-03
1.364380800000000136e+02 2.383101553515372742e-03
1.442636870000000044e+02 1.795536107082734527e-03
1.525382229999999879e+02 1.494346298470907190e-03
1.612873690000000124e+02 1.457941202582666278e-03
1.705383300000000020e+02 1.555451922058541294e-03
1.803199009999999873e+02 1.639191234781797214e-03
1.906625209999999981e+02 1.394521600703921196e-03
2.015982510000000048e+02 1.163130950788793467e-03
2.131613309999999899e+02 9.458619270100208183e-04
2.253876190000000008e+02 7.396291217481148475e-04
2.383151860000000113e+02 5.506593588397925166e-04
2.519842380000000048e+02 3.731935810367181588e-04
2.664371639999999957e+02 2.356613805536362301e-04
2.817192079999999805e+02 1.847193655696967112e-04
2.978777769999999805e+02 1.365445583292473365e-04
3.149631650000000036e+02 9.831638179867349930e-05
3.330285339999999792e+02 8.086512069309541632e-05
3.521300659999999993e+02 6.436172895820123146e-05
3.723269960000000083e+02 4.875473061202492117e-05
3.936825559999999768e+02 3.997166357649651345e-05
4.162630310000000122e+02 3.442576946586803984e-05
4.401386410000000069e+02 2.918102050867113731e-05
4.653836979999999812e+02 2.422103641641899059e-05
4.920767210000000205e+02 2.166420606480701404e-05
5.203004760000000033e+02 1.937733443944542419e-05
5.501433719999999994e+02 1.733186912602400920e-05
5.816979979999999841e+02 1.550234090150912083e-05
6.150624390000000403e+02 1.386595416676111063e-05
6.503405760000000555e+02 1.240231248560586330e-05
6.876418459999999868e+02 1.109318811973260614e-05
7.270829469999999901e+02 9.922246561030567167e-06
7.687862549999999828e+02 8.874910716341375297e-06
8.128815309999999954e+02 7.938131107077665870e-06
8.595060419999999795e+02 7.100235217315041587e-06
9.088047490000000153e+02 6.350786053327205812e-06
9.609305419999999458e+02 5.680452372962710221e-06
1.016046690000000012e+03 5.080869370126807170e-06
1.074324100000000044e+03 4.544575582916234919e-06
1.135944089999999960e+03 4.064890103737974942e-06
1.201098510000000033e+03 3.635836546539953641e-06
1.269989990000000034e+03 3.252070970630612325e-06
1.342832149999999956e+03 2.908816050276865413e-06
1.419853029999999990e+03 2.601789378781934680e-06
1.501291500000000042e+03 2.327170253015329514e-06
1.587401119999999992e+03 2.081537338382729317e-06
1.678449830000000020e+03 1.861831059028670179e-06
1.774719730000000027e+03 1.665317072546814459e-06
1.876512330000000020e+03 1.489543491094464708e-06
1.984143550000000005e+03 1.332322755126226117e-06
2.097948240000000169e+03 1.191696656541119696e-06
2.218280270000000201e+03 1.065913836049093856e-06
2.345514160000000174e+03 9.534074079292960751e-07
2.480044679999999971e+03 8.527767844976390274e-07
2.622292480000000069e+03 7.627669833033203889e-07
2.772699459999999817e+03 6.822575344127322858e-07
2.931733400000000074e+03 6.102458005682601235e-07
3.099888919999999871e+03 5.458349222469384519e-07
3.277689210000000003e+03 4.882226112946754654e-07
3.465685789999999997e+03 4.366916893498765017e-07
3.664467290000000048e+03 3.905993171551333176e-07
3.874650389999999788e+03 3.493719445344745293e-07
4.096888670000000275e+03 3.124961353413144485e-07
4.331874020000000201e+03 2.795125125853150656e-07
4.580334960000000137e+03 2.500105497874186953e-07
4.843049799999999777e+03 2.236221791454048022e-07
5.120832519999999931e+03 2.000191324106673428e-07
5.414548340000000280e+03 1.789073397115329948e-07
5.725110840000000280e+03 1.600238745142634249e-07
6.053486329999999725e+03 1.431335371370610261e-07
6.400692380000000412e+03 1.280261206002200629e-07
6.767817380000000412e+03 1.145131071323853523e-07
7.155999020000000201e+03 1.024263944628393760e-07
7.566446289999999863e+03 9.161540266487240328e-08
8.000435059999999794e+03 8.194551109880619246e-08
8.459316409999999451e+03 7.329626004037181390e-08
8.944512699999999313e+03 6.556000294026690276e-08
9.457542970000000423e+03 5.864023068790591808e-08
1.000000000000000000e+04 5.245082219725017093e-08
